24.729026 0.0000000 0.0000000 0.0000000 -0.0000000 -0.0000000 -0.0000000 1.0000000
26.089860 -0.0003737 -0.0002042 -0.0868226 -0.0054453 -0.0555775 0.0000447 0.9984396
26.186098 0.0004346 -0.0001489 -0.0866129 -0.0054204 -0.0613772 0.0000697 0.9980999
26.317727 -0.0207052 -0.0005249 -0.0897140 -0.0056792 -0.0618155 -0.0002712 0.9980714
26.686936 -0.0533971 0.0004102 -0.0888212 -0.0028638 -0.0619717 0.0001387 0.9980738
26.780523 -0.0674832 0.0007215 -0.0890522 -0.0025307 -0.0616251 -0.0000718 0.9980962
26.972880 -0.0884100 0.0003178 -0.0891956 -0.0031868 -0.0619534 -0.0000684 0.9980740
30.428248 0.0508262 0.0008953 -0.0487183 0.0254849 -0.1845876 0.0049977 0.9824729
30.480409 0.0464953 0.0016719 -0.0557088 0.0269920 -0.1882486 0.0061115 0.9817314
30.723446 0.0327611 0.0003773 -0.0891432 0.0270986 -0.2012435 0.0065521 0.9791445
31.013706 0.0188065 -0.0002830 -0.1298296 0.0262269 -0.2011060 0.0066708 0.9791956
31.182017 0.0160164 0.0001671 -0.1533515 0.0223770 -0.2010021 0.0058264 0.9793179
31.359115 0.0209128 0.0002546 -0.1668145 0.0126552 -0.2008855 0.0037306 0.9795259
31.530733 0.0314126 0.0002971 -0.1902637 -0.0023896 -0.2066415 0.0008627 0.9784135
31.890423 0.0369734 0.0001256 -0.2023940 -0.0084154 -0.2106516 -0.0014135 0.9775240
31.980060 0.0371920 0.0001679 -0.2021313 -0.0081269 -0.2048988 -0.0009783 0.9787490
32.362960 0.0421124 0.0003892 -0.1903496 -0.0279819 -0.1475603 -0.0034608 0.9886511
32.851301 0.0365417 0.0002351 -0.1688444 -0.0393598 -0.0958369 -0.0031121 0.9946137
33.062687 0.0249543 0.0004538 -0.1967996 -0.0299693 -0.0862185 -0.0019099 0.9958236
33.161891 0.0286781 -0.0000088 -0.2035747 -0.0266665 -0.0852658 -0.0017300 0.9959998
33.269738 0.0327669 0.0000506 -0.2127208 -0.0263052 -0.0847513 -0.0013144 0.9960540
33.377086 0.0354882 0.0002633 -0.2283193 -0.0246204 -0.0812518 -0.0009468 0.9963890
33.476895 0.0379705 0.0000170 -0.2430587 -0.0237339 -0.0760062 -0.0014091 0.9968238
33.579450 0.0398848 0.0002172 -0.2580487 -0.0237224 -0.0753892 -0.0012121 0.9968712
33.684026 0.0423245 0.0002258 -0.2737345 -0.0233079 -0.0753914 -0.0011908 0.9968809
33.783556 0.0443022 -0.0000288 -0.2883727 -0.0235473 -0.0752256 -0.0019430 0.9968866
33.886459 0.0466494 -0.0002278 -0.3034189 -0.0233446 -0.0744159 -0.0020208 0.9969519
34.059762 0.0477406 -0.0002495 -0.3291378 -0.0231229 -0.0741906 -0.0024502 0.9969730
34.145086 0.0487571 -0.0001946 -0.3420309 -0.0230144 -0.0744989 -0.0024501 0.9969525
34.229627 0.0507459 -0.0004105 -0.3544830 -0.0230769 -0.0726534 -0.0021504 0.9970880
34.311339 0.0523497 -0.0004199 -0.3663749 -0.0223964 -0.0651521 -0.0017160 0.9976225
34.491319 0.0273280 -0.0019767 -0.3692808 -0.0219824 -0.0643571 -0.0084911 0.9976487
34.577908 0.0147597 -0.0011261 -0.3713873 -0.0171317 -0.0653013 -0.0090944 0.9976771
35.221906 0.0075406 -0.0018317 -0.4207816 -0.0061307 -0.0411246 -0.0076556 0.9991059
35.331783 0.0094472 -0.0016485 -0.4370655 -0.0057147 -0.0416889 -0.0078306 0.9990836
35.780651 0.0195654 -0.0018562 -0.4377952 -0.0074277 -0.1149329 -0.0083125 0.9933107
35.859207 0.0305247 -0.0015567 -0.4351727 -0.0069590 -0.1266747 -0.0082772 0.9918854
35.937915 0.0414146 -0.0026353 -0.4321615 -0.0097462 -0.1393402 -0.0083292 0.9901616
36.015044 0.0518702 -0.0029354 -0.4290640 -0.0100217 -0.1477309 -0.0079396 0.9889449
36.098071 0.0635706 -0.0026357 -0.4252863 -0.0096971 -0.1475917 -0.0075139 0.9889723
36.821300 0.1281819 -0.0038439 -0.4450699 -0.0105286 -0.2531247 -0.0052972 0.9673619
36.905645 0.1399289 -0.0042402 -0.4456266 -0.0107166 -0.2728802 -0.0049896 0.9619754
36.993116 0.1516493 -0.0038784 -0.4458773 -0.0082732 -0.2986203 -0.0045447 0.9543253
37.094548 0.1640411 -0.0045366 -0.4405189 -0.0079825 -0.3240466 -0.0037893 0.9459999
37.194241 0.1723357 -0.0041365 -0.4301438 -0.0064534 -0.3473528 -0.0036959 0.9377050
37.337326 0.1701335 -0.0036271 -0.4096864 -0.0038214 -0.3729953 -0.0024757 0.9278221
37.479875 0.1582873 -0.0034377 -0.3926885 -0.0034264 -0.3736225 -0.0027963 0.9275703
37.820613 0.1575516 -0.0037036 -0.3939678 -0.0037127 -0.3954964 -0.0023852 0.9184569
37.969366 0.1512327 -0.0021969 -0.3905602 -0.0028401 -0.4296273 -0.0020486 0.9029995
38.224133 0.1198253 -0.0017465 -0.3715356 -0.0027343 -0.4748023 -0.0018471 0.8800863
38.331814 0.1062626 -0.0018474 -0.3639076 -0.0030401 -0.4886394 -0.0020556 0.8724781
38.463171 0.0895523 -0.0006045 -0.3559337 -0.0018321 -0.5082414 -0.0022632 0.8612098
38.656296 0.0715948 -0.0009886 -0.3491167 -0.0020628 -0.5424200 -0.0010351 0.8401043
39.322233 0.0554514 -0.0012296 -0.3435825 -0.0003948 -0.5646487 0.0004943 0.8253311
39.398005 0.0446894 -0.0007556 -0.3396772 0.0003014 -0.5736517 0.0004745 0.8190991
39.810229 0.0087226 -0.0011820 -0.3281292 0.0087847 -0.5928898 0.0070332 0.8052050
40.672237 -0.0859495 -0.0000010 -0.3108244 0.0265801 -0.6429052 0.0249697 0.7650772
41.441974 -0.1973406 0.0006876 -0.3034004 0.0363209 -0.6768439 0.0376463 0.7342656
41.550483 -0.2098375 0.0001186 -0.3134300 0.0371291 -0.6789605 0.0383591 0.7322313
41.659264 -0.2224428 0.0004805 -0.3229563 0.0375242 -0.6791562 0.0383414 0.7320306
41.772487 -0.2392707 0.0005645 -0.3216644 0.0376391 -0.6790774 0.0383381 0.7320979
42.121831 -0.2733428 0.0009028 -0.3208025 0.0390500 -0.6828452 0.0420703 0.7283046
42.228109 -0.2886394 0.0005769 -0.3194232 0.0395581 -0.6821652 0.0423485 0.7288980
42.434441 -0.3186187 0.0011671 -0.3175284 0.0404190 -0.6803854 0.0431957 0.7304630
42.533970 -0.3330381 0.0013181 -0.3169810 0.0403844 -0.6800689 0.0431902 0.7307599
42.739963 -0.3481713 0.0014073 -0.3163846 0.0398318 -0.6799349 0.0434499 0.7308995
42.849448 -0.3643148 0.0015301 -0.3152975 0.0398780 -0.6799526 0.0432875 0.7308902
42.953430 -0.3792940 0.0018804 -0.3143973 0.0407423 -0.6805040 0.0437631 0.7303007
43.056173 -0.3942440 0.0017329 -0.3139272 0.0405516 -0.6810035 0.0449684 0.7297723
43.160380 -0.4093383 0.0020924 -0.3128530 0.0410430 -0.6814536 0.0450176 0.7293215
43.370463 -0.4405136 0.0025530 -0.3113669 0.0422703 -0.6844119 0.0470341 0.7263479
43.813646 -0.5052365 0.0032319 -0.3087196 0.0438476 -0.6900700 0.0490525 0.7207459
43.918863 -0.5209115 0.0034491 -0.3081442 0.0441622 -0.6904443 0.0490544 0.7203680
44.042628 -0.5388659 0.0035066 -0.3076733 0.0439625 -0.6910353 0.0495630 0.7197785
44.144238 -0.5537736 0.0037265 -0.3077498 0.0431797 -0.6917300 0.0496048 0.7191555
44.251333 -0.5692758 0.0041127 -0.3068976 0.0424678 -0.6927565 0.0491877 0.7182378
44.465703 -0.6003724 0.0041800 -0.3065112 0.0411235 -0.6937090 0.0475708 0.7175053
44.573419 -0.6164839 0.0044314 -0.3063876 0.0403758 -0.6936969 0.0484096 0.7175032
44.781907 -0.6477244 0.0048925 -0.3058701 0.0402949 -0.6934760 0.0486454 0.7177054
45.082231 -0.6624871 0.0048458 -0.3054734 0.0374316 -0.6965950 0.0463978 0.7149837
45.185855 -0.6772870 0.0049118 -0.3058328 0.0364453 -0.6984489 0.0457118 0.7132680
45.402188 -0.7097425 0.0051533 -0.3054808 0.0353555 -0.7046757 0.0446583 0.7072396
46.055173 -0.8014185 0.0048055 -0.3126367 0.0314830 -0.7569644 0.0448092 0.6511573
46.712895 -0.8088220 0.0058229 -0.2701179 0.0280137 -0.7808064 0.0459541 0.6224506
46.982053 -0.8301143 0.0053301 -0.2436241 0.0266402 -0.8009521 0.0460916 0.5963570
47.213539 -0.8614413 0.0053880 -0.2504621 0.0256588 -0.8188074 0.0465964 0.5715985
47.394757 -0.8854016 0.0056517 -0.2606769 0.0247075 -0.8290443 0.0470981 0.5566478
48.465896 -0.9474198 0.0068019 -0.2295558 0.0199011 -0.8847351 0.0523478 0.4627176
48.604250 -0.9579813 0.0075284 -0.2137315 0.0187707 -0.8952011 0.0536181 0.4420269
48.759294 -0.9734776 0.0079524 -0.2115352 0.0170585 -0.9058372 0.0548956 0.4197076
48.896227 -0.9920870 0.0081748 -0.2150230 0.0165790 -0.9128863 0.0558068 0.4040412
49.426785 -1.0478721 0.0067578 -0.2477770 0.0079101 -0.9502910 0.0420496 0.3084094
50.299397 -1.1095173 0.0089008 -0.2139354 0.0022935 -0.9731907 0.0348043 0.2273395
50.786811 -1.1604409 0.0078582 -0.2445356 -0.0001413 -0.9867612 0.0256323 0.1601419
50.898501 -1.1614685 0.0078354 -0.2521900 -0.0003868 -0.9905114 0.0259932 0.1349497
51.178759 -1.1591405 0.0078860 -0.2521174 -0.0019516 -0.9963772 0.0201462 0.0826009
52.261396 -1.2179289 0.0076609 -0.2857557 -0.0024626 -0.9994478 0.0161339 0.0289424
52.523013 -1.2184703 0.0072975 -0.3232508 -0.0021795 -0.9999820 0.0021816 0.0051490
52.632520 -1.2179836 0.0071591 -0.3389018 0.0016430 0.9999480 0.0072635 0.0069786
52.737200 -1.2169986 0.0067772 -0.3537708 0.0013993 0.9996349 0.0182804 0.0198506
52.796013 -1.2164242 0.0066063 -0.3621934 0.0010504 0.9992704 0.0274975 0.0264828
52.855404 -1.2157589 0.0064736 -0.3706121 0.0003700 0.9987372 0.0378498 0.0330344
53.189837 -1.2128245 0.0064117 -0.3879151 -0.0034554 0.9952965 0.0659279 0.0708972
53.391181 -1.2119322 0.0064831 -0.3873452 -0.0058411 0.9934652 0.0687968 0.0908837
53.878111 -1.2087001 0.0064585 -0.3954257 -0.0082376 0.9892437 0.0665126 0.1300198
54.009129 -1.2080024 0.0064870 -0.3948655 -0.0087925 0.9872130 0.0593240 0.1476953
54.217959 -1.1987596 0.0058759 -0.4241703 -0.0082873 0.9873148 0.0578995 0.1476094
54.291433 -1.1957264 0.0057618 -0.4342989 -0.0083945 0.9873055 0.0577438 0.1477263
54.362521 -1.1928213 0.0060679 -0.4442266 -0.0079300 0.9871163 0.0567541 0.1493906
54.789897 -1.1883245 0.0056332 -0.4465916 -0.0096494 0.9813255 0.0500092 0.1854891
54.918504 -1.1807499 0.0056461 -0.4538165 -0.0082035 0.9814748 0.0442708 0.1862255
55.198845 -1.1708924 0.0054976 -0.4803591 -0.0041199 0.9828929 0.0279639 0.1819964
56.341329 -1.1379691 0.0023738 -0.5826861 0.0090183 0.9867582 -0.0504312 0.1538949
56.872672 -1.1342994 0.0013125 -0.6451152 0.0081976 0.9884387 -0.0491494 0.1431998
57.173753 -1.1678313 0.0018235 -0.6553913 0.0081288 0.9885548 -0.0496489 0.1422261
57.476280 -1.1410787 0.0015516 -0.6475320 0.0084011 0.9884104 -0.0492760 0.1433395
57.626196 -1.1210960 0.0020907 -0.6417897 0.0087871 0.9882931 -0.0499175 0.1439022
57.748944 -1.1045872 0.0017639 -0.6365796 0.0086112 0.9882988 -0.0497077 0.1439463
58.567380 -1.1274564 0.0013806 -0.6433177 0.0098983 0.9889835 -0.0659400 0.1321579
58.872299 -1.1371799 0.0016425 -0.6180704 0.0104715 0.9899493 -0.0738109 0.1201778
59.028265 -1.1471784 0.0026576 -0.5997236 0.0108898 0.9898553 -0.0744509 0.1205194
59.183048 -1.1521218 0.0030921 -0.5784014 0.0109555 0.9899150 -0.0743926 0.1200587
59.475233 -1.1614945 0.0045342 -0.5377515 0.0105239 0.9903020 -0.0760535 0.1157886
59.581788 -1.1658213 0.0036170 -0.5227770 0.0097728 0.9906610 -0.0754923 0.1131206
59.746654 -1.1668904 0.0042714 -0.5131679 0.0108363 0.9909514 -0.0749882 0.1107909
60.079544 -1.1770701 0.0048270 -0.4656551 0.0099668 0.9911888 -0.0768007 0.1074571
60.200099 -1.1801596 0.0057566 -0.4484070 0.0099161 0.9911830 -0.0776223 0.1069241
60.325888 -1.1841854 0.0057341 -0.4308996 0.0102245 0.9911854 -0.0772348 0.1071529
60.463946 -1.1882743 0.0060928 -0.4114505 0.0093323 0.9912142 -0.0773260 0.1069019
60.586646 -1.1920552 0.0064226 -0.3941823 0.0094869 0.9911900 -0.0773894 0.1070664
60.710158 -1.1959618 0.0066563 -0.3765618 0.0090740 0.9913233 -0.0769237 0.1062010
60.879457 -1.2014132 0.0068332 -0.3525949 0.0085480 0.9917374 -0.0748103 0.1038623
61.045402 -1.2064213 0.0071575 -0.3292162 0.0079324 0.9920363 -0.0748815 0.1009646
61.219962 -1.2036979 0.0073797 -0.3051545 0.0060263 0.9949440 -0.0649873 0.0763334
61.378783 -1.2030810 0.0077198 -0.2826837 0.0046693 0.9970639 -0.0552286 0.0528347
61.534929 -1.2063752 0.0079271 -0.2608263 0.0033071 0.9984077 -0.0421997 0.0372858
61.681598 -1.2081792 0.0081517 -0.2397561 0.0022683 0.9995580 -0.0204067 0.0215021
61.871726 -1.2105315 0.0085154 -0.2130583 -0.0022669 -0.9999883 -0.0023442 0.0035740
62.256753 -1.1782298 0.0080420 -0.2171782 -0.0056772 -0.9944746 -0.0230102 0.1022669
62.487180 -1.1465430 0.0084860 -0.2246288 -0.0065319 -0.9929906 -0.0221022 0.1159250
63.120571 -1.1509105 0.0082140 -0.2245096 -0.0099601 -0.9797121 -0.0269302 0.1983427
63.317932 -1.1527092 0.0084535 -0.2239908 -0.0114981 -0.9706756 -0.0271828 0.2385745
63.519217 -1.1354940 0.0087284 -0.2186481 -0.0131542 -0.9641003 -0.0274946 0.2637834
63.649803 -1.1181858 0.0083144 -0.2142915 -0.0146911 -0.9576223 -0.0292257 0.2861637
63.791322 -1.0996125 0.0077844 -0.2160816 -0.0185928 -0.9441367 -0.0345290 0.3272123
63.961249 -1.0810640 0.0076741 -0.2284163 -0.0220724 -0.9274233 -0.0382576 0.3713963
64.442637 -1.0645868 0.0075874 -0.2452215 -0.0224409 -0.9253300 -0.0375877 0.3766271
64.793972 -1.0344689 0.0065099 -0.2805132 -0.0279392 -0.8894916 -0.0401984 0.4543216
65.185442 -1.0079823 0.0053068 -0.3251178 -0.0366139 -0.8424518 -0.0453093 0.5356131
65.398288 -1.0030843 0.0048636 -0.3368751 -0.0425954 -0.8155663 -0.0496614 0.5749531
66.117205 -1.0046483 0.0050014 -0.3352200 -0.0455250 -0.7902504 -0.0491991 0.6091069
67.493709 -1.0065970 0.0055559 -0.3315324 -0.0405790 -0.7382366 -0.0357529 0.6723703
67.851959 -1.0068426 0.0054728 -0.3311325 -0.0383822 -0.7298793 -0.0328172 0.6817082
68.116485 -1.0260153 0.0053144 -0.3321161 -0.0378553 -0.7292224 -0.0324437 0.6824581
68.716193 -1.0684596 0.0056812 -0.3331350 -0.0346192 -0.7086245 -0.0271518 0.7042127
69.310823 -1.0684847 0.0055017 -0.3333567 -0.0340347 -0.7048241 -0.0258800 0.7080925
69.890608 -1.1236660 0.0058626 -0.3309395 -0.0329204 -0.6975498 -0.0239651 0.7153783
70.295519 -1.1820641 0.0067487 -0.3279022 -0.0325794 -0.6904025 -0.0223337 0.7223463
70.484793 -1.2092905 0.0069498 -0.3271452 -0.0326050 -0.6901869 -0.0221470 0.7225569
70.669575 -1.2353413 0.0069791 -0.3265494 -0.0324830 -0.6899056 -0.0222887 0.7228266
70.850778 -1.2615328 0.0069348 -0.3249633 -0.0330053 -0.6901882 -0.0222339 0.7225348
71.038422 -1.2888038 0.0069575 -0.3238049 -0.0328295 -0.6900411 -0.0224511 0.7226766
71.210278 -1.3133498 0.0073682 -0.3230228 -0.0325929 -0.6899521 -0.0225134 0.7227703
71.389491 -1.3391306 0.0078692 -0.3218320 -0.0326117 -0.6882477 -0.0216373 0.7244194
71.560715 -1.3635888 0.0084008 -0.3206639 -0.0320788 -0.6867591 -0.0211239 0.7258697
71.790746 -1.3966467 0.0091901 -0.3189364 -0.0321667 -0.6809298 -0.0205539 0.7313531
72.011791 -1.4284794 0.0088497 -0.3166108 -0.0326789 -0.6807849 -0.0209881 0.7314531
72.246581 -1.4616871 0.0092524 -0.3161701 -0.0328136 -0.6812136 -0.0203355 0.7310663
72.396900 -1.4827625 0.0094718 -0.3212905 -0.0323612 -0.6813298 -0.0207876 0.7309654
72.568327 -1.5065641 0.0095447 -0.3199106 -0.0326602 -0.6812381 -0.0204638 0.7310467
72.781076 -1.5367506 0.0095704 -0.3177913 -0.0325638 -0.6810889 -0.0206523 0.7311848
73.010575 -1.5691705 0.0094199 -0.3156102 -0.0330317 -0.6808889 -0.0208064 0.7313456
73.211352 -1.5973039 0.0098572 -0.3203343 -0.0322840 -0.6814430 -0.0208318 0.7308621
73.352381 -1.6170164 0.0097904 -0.3188059 -0.0324881 -0.6813980 -0.0210072 0.7308899
73.496883 -1.6374578 0.0097703 -0.3174914 -0.0310902 -0.6813754 -0.0199707 0.7310008
73.708724 -1.6681108 0.0095545 -0.3240041 -0.0311971 -0.6812653 -0.0196378 0.7311080
74.269098 -1.7466969 0.0095530 -0.3181467 -0.0310456 -0.6810773 -0.0204550 0.7312670
74.417856 -1.7682489 0.0097547 -0.3164985 -0.0311626 -0.6813121 -0.0205430 0.7310408
74.568600 -1.7898810 0.0097820 -0.3151182 -0.0312035 -0.6812454 -0.0205240 0.7311018
74.715849 -1.8103874 0.0098595 -0.3136871 -0.0313751 -0.6811625 -0.0205459 0.7311710
75.314018 -1.8941491 0.0107639 -0.3079944 -0.0309693 -0.6809245 -0.0206318 0.7314077
75.502533 -1.9205537 0.0107440 -0.3064196 -0.0311980 -0.6807659 -0.0204124 0.7315516
75.693237 -1.9470037 0.0112091 -0.3045022 -0.0312064 -0.6807984 -0.0203350 0.7315232
75.886665 -1.9737842 0.0115135 -0.3041230 -0.0313568 -0.6808404 -0.0201403 0.7314830
76.079115 -2.0008388 0.0118024 -0.3069195 -0.0315091 -0.6809138 -0.0204005 0.7314010
76.206145 -2.0183282 0.0120581 -0.3058861 -0.0312807 -0.6806950 -0.0205608 0.7316100
76.412756 -2.0473027 0.0120814 -0.3040067 -0.0316472 -0.6805342 -0.0206522 0.7317412
76.595616 -2.0628517 0.0130666 -0.3038011 -0.0311127 -0.6802249 -0.0202063 0.7320641
76.774680 -2.0880342 0.0127983 -0.3016117 -0.0313111 -0.6803879 -0.0206127 0.7318928
77.143642 -2.1391296 0.0134542 -0.3000923 -0.0314439 -0.6738983 -0.0208198 0.7378610
77.325035 -2.1476762 0.0132156 -0.3224775 -0.0316006 -0.6682796 -0.0210901 0.7429395
77.504610 -2.1490526 0.0134011 -0.3384056 -0.0325849 -0.6629347 -0.0207561 0.7476797
78.034422 -2.1831131 0.0127867 -0.3523650 -0.0356127 -0.6338428 -0.0213823 0.7723457
78.290194 -2.2186675 0.0133258 -0.3436215 -0.0372198 -0.6127680 -0.0227168 0.7890589
78.465029 -2.2420583 0.0129972 -0.3376648 -0.0371887 -0.6121841 -0.0227737 0.7895119
78.641827 -2.2659736 0.0140240 -0.3313992 -0.0369962 -0.6113120 -0.0227049 0.7901984
78.831683 -2.2832470 0.0138480 -0.3268307 -0.0379402 -0.6048911 -0.0227398 0.7950787
79.000762 -2.3058767 0.0143442 -0.3197109 -0.0380626 -0.5961729 -0.0223231 0.8016426
79.178470 -2.3297458 0.0148941 -0.3120682 -0.0382441 -0.5895896 -0.0219491 0.8064985
79.356590 -2.3537226 0.0148146 -0.3115854 -0.0388597 -0.5849129 -0.0219431 0.8098674
79.530678 -2.3775921 0.0148644 -0.3040245 -0.0408074 -0.5698299 -0.0226932 0.8204350
79.709695 -2.3929362 0.0158624 -0.2973769 -0.0428828 -0.5546330 -0.0231988 0.8306655
80.002471 -2.3996432 0.0159024 -0.3098658 -0.0486927 -0.5302345 -0.0269649 0.8460220
80.636316 -2.4152486 0.0161587 -0.3236057 -0.0617624 -0.4546164 -0.0291662 0.8880646
81.117995 -2.4207847 0.0164156 -0.3192326 -0.0618547 -0.4430358 -0.0283048 0.8939195
81.271971 -2.4374826 0.0163129 -0.3045470 -0.0650747 -0.4255442 -0.0290117 0.9021285
82.869167 -2.5118747 0.0160438 -0.3502783 -0.1050545 -0.2272554 -0.0254793 0.9678168
83.132465 -2.5103939 0.0161602 -0.3484489 -0.1164257 -0.1851168 -0.0238458 0.9755041
83.797256 -2.5137534 0.0166419 -0.3262196 -0.0871230 -0.1233949 -0.0134356 0.9884346
83.893685 -2.5134444 0.0166977 -0.3259266 -0.0771889 -0.1179442 -0.0122149 0.9899403
84.400067 -2.5125196 0.0165112 -0.3251842 -0.0485838 -0.0899176 -0.0071994 0.9947374
84.500142 -2.5122242 0.0165369 -0.3250147 -0.0405913 -0.0841283 -0.0067461 0.9956050
85.049302 -2.5135481 0.0168265 -0.3114303 -0.0174497 -0.0762638 -0.0051087 0.9969219
85.306397 -2.5193563 0.0171442 -0.2756291 -0.0170745 -0.0758776 -0.0046922 0.9969599
85.528618 -2.5215805 0.0173547 -0.2601124 -0.0211427 -0.0757709 -0.0048470 0.9968893
85.642937 -2.5229189 0.0174544 -0.2523824 -0.0267187 -0.0777078 -0.0055237 0.9966028
85.764858 -2.5254335 0.0180962 -0.2350920 -0.0339486 -0.0794835 -0.0059180 0.9962404
85.955479 -2.5272226 0.0178074 -0.2274853 -0.0381993 -0.0793474 -0.0061922 0.9960957
86.598860 -2.5324426 0.0185914 -0.1913584 -0.0503161 -0.0861096 -0.0068808 0.9949905
86.848006 -2.5421288 0.0194717 -0.1588257 -0.0499395 -0.1486737 -0.0091175 0.9875824
87.357988 -2.5401049 0.0192013 -0.1602388 -0.0488839 -0.3016306 -0.0146433 0.9520583
87.926351 -2.5215464 0.0187795 -0.1405318 -0.0403004 -0.3678888 -0.0151074 0.9288733
88.042639 -2.5215042 0.0187453 -0.1405722 -0.0402619 -0.3690554 -0.0153762 0.9284076
88.155628 -2.5215645 0.0186758 -0.1406524 -0.0388971 -0.3642702 -0.0148578 0.9303620
88.702234 -2.5537252 0.0199336 -0.0871728 -0.0394491 -0.2817585 -0.0116597 0.9586031
88.875072 -2.5487056 0.0195429 -0.0631898 -0.0438166 -0.2569377 -0.0125437 0.9653527
88.998560 -2.5543332 0.0197922 -0.0464435 -0.0468347 -0.2423071 -0.0121242 0.9689927
89.116215 -2.5618985 0.0204533 -0.0318235 -0.0495059 -0.2213073 -0.0113781 0.9738803
89.234515 -2.5668778 0.0201602 -0.0159889 -0.0526426 -0.1964541 -0.0111830 0.9790350
89.353166 -2.5725973 0.0198149 -0.0001824 -0.0542872 -0.1792928 -0.0109619 0.9822357
89.602787 -2.5813162 0.0194321 0.0332457 -0.0576400 -0.1483186 -0.0094507 0.9872132
89.717953 -2.5861695 0.0196732 0.0490659 -0.0577446 -0.1372384 -0.0093537 0.9888093
89.940929 -2.5872440 0.0196617 0.0569808 -0.0560025 -0.1218311 -0.0084246 0.9909339
90.742057 -2.5845237 0.0198287 0.0476165 -0.0011497 -0.0964867 -0.0020508 0.9953315
90.922111 -2.5801117 0.0193157 0.0236888 0.0033888 -0.0893486 -0.0021180 0.9959924
91.398414 -2.5703380 0.0195995 -0.0413343 0.0047356 -0.0859498 -0.0015609 0.9962870
91.548911 -2.5665331 0.0196063 -0.0620659 0.0050329 -0.0864760 -0.0016629 0.9962398
91.741844 -2.5624003 0.0200780 -0.0885959 0.0059284 -0.0860277 -0.0019771 0.9962732
91.946429 -2.5578835 0.0192809 -0.1169494 0.0053053 -0.0853180 -0.0017824 0.9963381
92.105518 -2.5533445 0.0194999 -0.1380483 0.0057496 -0.0864758 -0.0015164 0.9962362
92.287099 -2.5492873 0.0190898 -0.1635484 0.0035313 -0.0882183 -0.0021686 0.9960926
92.682422 -2.5398259 0.0181356 -0.2182175 -0.0049785 -0.1037363 -0.0028976 0.9945882
92.870047 -2.5352101 0.0177098 -0.2443524 -0.0068208 -0.1143260 -0.0034837 0.9934138
93.043109 -2.5295799 0.0172765 -0.2682012 -0.0075722 -0.1168798 -0.0041586 0.9931085
93.212777 -2.5248077 0.0169916 -0.2921925 -0.0084471 -0.1442025 -0.0043793 0.9895024
93.364240 -2.5187914 0.0168796 -0.3128881 -0.0117904 -0.1675616 -0.0050659 0.9857781
93.660065 -2.4933639 0.0164889 -0.3456678 -0.0132292 -0.2335533 -0.0045096 0.9722435
93.806709 -2.4849482 0.0161286 -0.3652809 -0.0140082 -0.2764663 -0.0042963 0.9609119
94.350244 -2.4816313 0.0157510 -0.3727036 -0.0150657 -0.3026229 -0.0049080 0.9529787
94.813324 -2.4528248 0.0156683 -0.3493261 -0.0196605 -0.4161574 -0.0072199 0.9090514
95.049007 -2.4533324 0.0154544 -0.3516347 -0.0207065 -0.4632445 -0.0087188 0.8859457
95.300996 -2.4733920 0.0154002 -0.3826995 -0.0207388 -0.4923590 -0.0093780 0.8700947
96.835015 -2.5277822 0.0152186 -0.3374677 -0.0134364 -0.6247109 -0.0041544 0.7807295
97.106159 -2.5649846 0.0158607 -0.3316075 -0.0112906 -0.6388978 -0.0021310 0.7692059
97.256493 -2.5852447 0.0156066 -0.3279549 -0.0106462 -0.6461849 -0.0016908 0.7631047
97.409881 -2.6063194 0.0161698 -0.3251883 -0.0104379 -0.6464179 -0.0005581 0.7629120
97.849515 -2.6667662 0.0165696 -0.3145704 -0.0105545 -0.6473384 -0.0004116 0.7621295
98.003225 -2.6878595 0.0168076 -0.3120012 -0.0096410 -0.6579617 0.0001869 0.7529898
98.348719 -2.7352381 0.0170559 -0.3065245 -0.0066727 -0.6651211 0.0037146 0.7466965
98.536684 -2.7610765 0.0170415 -0.3044822 -0.0048874 -0.6697194 0.0054390 0.7425783
98.677982 -2.7807159 0.0172981 -0.3028147 -0.0038859 -0.6728449 0.0064505 0.7397453
98.831370 -2.8017912 0.0177365 -0.3016865 -0.0025676 -0.6777123 0.0081254 0.7352778
98.971712 -2.8208666 0.0180507 -0.3008277 -0.0001661 -0.6818194 0.0106478 0.7314430
99.154978 -2.8465147 0.0182898 -0.2993300 0.0010905 -0.6851932 0.0119337 0.7282628
99.342484 -2.8722448 0.0189325 -0.2989647 0.0029758 -0.6873884 0.0138900 0.7261512
99.533003 -2.8988116 0.0192608 -0.2978632 0.0027276 -0.6872386 0.0139199 0.7262933
99.711766 -2.9238150 0.0195098 -0.2967777 0.0024469 -0.6872534 0.0140117 0.7262785
99.847713 -2.9427471 0.0201713 -0.2964032 0.0023907 -0.6870378 0.0141671 0.7264796
100.267419 -3.0016067 0.0224257 -0.2940514 0.0021557 -0.6866667 0.0155736 0.7268024
100.435949 -3.0252092 0.0237284 -0.2935557 0.0029466 -0.6862295 0.0158547 0.7272063
100.604512 -3.0477061 0.0238511 -0.2928038 0.0033509 -0.6857515 0.0159443 0.7276534
100.778678 -3.0720079 0.0246616 -0.2915404 0.0037149 -0.6857526 0.0157744 0.7276543
100.956503 -3.0964165 0.0251752 -0.2911565 0.0033265 -0.6851822 0.0164175 0.7281791
101.133708 -3.1201129 0.0257894 -0.2908475 0.0034208 -0.6862902 0.0162398 0.7271385
101.315050 -3.1465232 0.0257268 -0.2894392 0.0035271 -0.6871039 0.0163660 0.7263663
101.495238 -3.1714792 0.0256265 -0.2906806 0.0028311 -0.6872740 0.0163537 0.7262086
101.680255 -3.1976345 0.0258228 -0.2893848 0.0027645 -0.6870390 0.0163986 0.7264302
101.852612 -3.2214749 0.0263721 -0.2890427 0.0027602 -0.6862493 0.0165980 0.7271718
102.032510 -3.2466927 0.0270307 -0.2877841 0.0032052 -0.6863849 0.0171374 0.7270295
102.206528 -3.2714043 0.0268439 -0.2863269 0.0027986 -0.6864288 0.0167718 0.7269982
102.362447 -3.2929635 0.0270662 -0.2855296 0.0023975 -0.6860573 0.0171502 0.7273415
102.539889 -3.3177459 0.0270368 -0.2840676 0.0025478 -0.6864258 0.0169038 0.7269989
103.010606 -3.3836341 0.0300755 -0.2803972 0.0035532 -0.6885056 0.0192530 0.7249668
103.141393 -3.4033716 0.0288411 -0.2803516 0.0029651 -0.6900824 0.0180862 0.7234988
103.272082 -3.4207268 0.0296315 -0.2789841 0.0031173 -0.6949477 0.0188234 0.7188072
103.401858 -3.4395487 0.0298134 -0.2799327 0.0037493 -0.6979511 0.0189182 0.7158857
103.534338 -3.4586263 0.0302166 -0.2804360 0.0035096 -0.6980401 0.0193314 0.7157892
103.661908 -3.4756858 0.0310823 -0.2789023 0.0040630 -0.7038333 0.0199907 0.7100722
103.787465 -3.4942653 0.0307418 -0.2799444 0.0032376 -0.7032725 0.0203671 0.7106212
103.910737 -3.5113487 0.0304702 -0.2787273 0.0036768 -0.7065791 0.0204616 0.7073287
104.195405 -3.5524960 0.0304449 -0.2802014 0.0057600 -0.7230300 0.0230265 0.6904087
104.320510 -3.5704591 0.0303411 -0.2804725 0.0061049 -0.7264860 0.0236696 0.6867464
104.448906 -3.5879498 0.0310318 -0.2821372 0.0073072 -0.7305886 0.0251965 0.6823138
104.569065 -3.6050975 0.0305052 -0.2827551 0.0070751 -0.7385301 0.0253105 0.6737081
104.738862 -3.6285119 0.0308111 -0.2868404 0.0067408 -0.7657939 0.0266810 0.6424969
105.251023 -3.6828845 0.0294546 -0.2867432 0.0045726 -0.7914478 0.0246329 0.6107233
105.341080 -3.6853921 0.0323277 -0.2759285 0.0063950 -0.8061132 0.0267544 0.5911216
105.689869 -3.7120628 0.0370088 -0.2416072 0.0086127 -0.8552091 0.0307152 0.5173005
106.714905 -3.8028116 0.0431939 -0.2656627 0.0115201 -0.9290102 0.0358023 0.3681379
106.816198 -3.8112721 0.0431331 -0.2558937 0.0111762 -0.9380904 0.0359367 0.3443400
106.906191 -3.8194218 0.0456207 -0.2477145 0.0129161 -0.9439910 0.0372364 0.3276090
107.001212 -3.8282800 0.0467262 -0.2393522 0.0140733 -0.9494203 0.0377112 0.3114176
107.099536 -3.8380828 0.0480440 -0.2304225 0.0152810 -0.9549745 0.0381831 0.2938235
107.200658 -3.8500814 0.0486346 -0.2294173 0.0161516 -0.9603087 0.0386332 0.2757788
107.305475 -3.8553505 0.0479146 -0.2415693 0.0158938 -0.9662275 0.0384237 0.2543138
109.188098 -3.9614050 0.0386512 -0.4085879 0.0193086 -0.9916115 0.0439594 0.1200058
109.283838 -3.9638524 0.0379931 -0.4208550 0.0189084 -0.9929953 0.0437477 0.1081153
109.380385 -3.9664075 0.0372252 -0.4335189 0.0188772 -0.9932566 0.0434331 0.1058232
109.578507 -3.9725120 0.0368222 -0.4608870 0.0188600 -0.9937319 0.0440495 0.1009997
109.992662 -3.9882317 0.0331908 -0.5128089 0.0191458 -0.9950004 0.0480941 0.0854088
110.310459 -3.9956076 0.0310175 -0.5573609 0.0193681 -0.9954147 0.0513648 0.0783331
110.492483 -3.9992187 0.0304369 -0.5820961 0.0196830 -0.9956374 0.0531858 0.0740956
110.727030 -4.0025110 0.0289986 -0.6145663 0.0191967 -0.9967865 0.0550489 0.0549342
111.013465 -4.0065966 0.0274227 -0.6540680 0.0191192 -0.9971986 0.0552889 0.0466117
111.114094 -4.0073309 0.0267734 -0.6670822 0.0186103 -0.9972085 0.0551194 0.0468044
111.843137 -4.0158176 0.0217425 -0.7670257 0.0190891 -0.9973366 0.0593738 0.0378173
111.956405 -4.0168190 0.0212779 -0.7821710 0.0184771 -0.9973859 0.0609789 0.0340813
112.063253 -4.0174923 0.0203710 -0.7969054 0.0181747 -0.9974357 0.0622486 0.0302776
112.174511 -4.0179844 0.0201329 -0.8118479 0.0182607 -0.9973828 0.0655454 0.0244501
112.284424 -4.0179596 0.0195161 -0.8265427 0.0179141 -0.9973140 0.0674729 0.0221675
112.396903 -4.0185094 0.0188895 -0.8420310 0.0182284 -0.9973010 0.0676805 0.0218618
112.517992 -4.0189805 0.0183656 -0.8587861 0.0181874 -0.9972922 0.0677028 0.0222222
112.751539 -4.0205736 0.0175598 -0.8905933 0.0179360 -0.9972646 0.0682478 0.0219966
112.877778 -4.0214787 0.0169734 -0.9073031 0.0182294 -0.9972832 0.0679295 0.0218993
113.119054 -4.0231609 0.0151317 -0.9405365 0.0181796 -0.9973132 0.0675374 0.0217841
113.236146 -4.0237970 0.0148147 -0.9562649 0.0186932 -0.9973855 0.0677697 0.0167319
113.353886 -4.0241084 0.0144762 -0.9722928 0.0187107 -0.9973731 0.0680124 0.0164660
113.577740 -4.0159702 0.0133138 -1.0017762 0.0179811 -0.9974586 0.0676990 0.0130350
113.676103 -4.0148211 0.0129082 -1.0146952 0.0183421 -0.9974695 0.0674501 0.0129838
113.780934 -4.0152988 0.0122892 -1.0292710 0.0176307 -0.9975982 0.0659967 0.0114630
113.986691 -4.0156164 0.0113329 -1.0573889 0.0180454 -0.9975738 0.0661492 0.0120499
114.086489 -4.0164204 0.0108328 -1.0712990 0.0185802 -0.9975762 0.0660540 0.0115515
114.186896 -4.0161247 0.0096277 -1.0842826 0.0178740 -0.9976448 0.0651341 0.0119566
114.483241 -4.0173912 0.0085184 -1.1252245 0.0183163 -0.9976051 0.0656705 0.0116621
114.688149 -4.0180283 0.0074627 -1.1531819 0.0180054 -0.9976282 0.0655606 0.0107584
114.783394 -4.0176806 0.0070848 -1.1657821 0.0177562 -0.9975953 0.0665445 0.0077629
114.874793 -4.0176716 0.0066370 -1.1784196 0.0177353 -0.9974622 0.0687226 0.0056412
114.971371 -4.0193057 0.0056871 -1.1908540 0.0180761 -0.9974523 0.0689225 0.0034476
115.256641 -4.0191150 0.0047891 -1.2300905 0.0183016 -0.9972942 0.0711695 0.0020713
115.396545 -4.0189857 0.0042213 -1.2490910 0.0183626 -0.9972029 0.0724340 0.0016049
115.536168 -4.0191846 0.0031129 -1.2680080 0.0184270 -0.9972282 0.0720740 0.0012865
115.782173 -4.0194826 0.0017787 -1.3018241 0.0185741 -0.9972336 0.0719632 0.0012510
115.901216 -4.0197082 0.0014014 -1.3185393 0.0193387 -0.9972315 0.0717863 0.0014510
116.012192 -4.0199394 0.0005115 -1.3324531 0.0192158 -0.9972603 0.0714228 0.0011947
116.123466 -4.0211854 -0.0008943 -1.3496684 0.0193601 -0.9972802 0.0711146 0.0003360
116.595815 -4.0196118 -0.0009570 -1.4124005 -0.0188658 0.9971999 -0.0722715 0.0036430
116.712443 -4.0190516 -0.0016926 -1.4276975 -0.0190240 0.9971769 -0.0717292 0.0114569
117.069007 -4.0163984 -0.0021876 -1.4749877 -0.0189903 0.9968536 -0.0717977 0.0277024
117.200251 -4.0152173 -0.0031698 -1.4931670 -0.0185254 0.9967050 -0.0712902 0.0339652
117.332633 -4.0144653 -0.0030029 -1.5109038 -0.0197807 0.9965551 -0.0712873 0.0374808
117.469338 -4.0134778 -0.0038343 -1.5299985 -0.0187089 0.9962457 -0.0707801 0.0462042
117.588713 -4.0177417 -0.0051993 -1.5460417 -0.0187271 0.9959596 -0.0690491 0.0542773
117.709628 -4.0246334 -0.0069686 -1.5596004 -0.0172178 0.9957042 -0.0671908 0.0613365
117.832079 -4.0336170 -0.0085770 -1.5724430 -0.0173864 0.9947619 -0.0662793 0.0758523
117.947982 -4.0422711 -0.0087201 -1.5851443 -0.0171052 0.9936300 -0.0661867 0.0895889
118.406104 -4.0404367 -0.0113191 -1.6446781 -0.0162169 0.9850353 -0.0600982 0.1607193
118.839178 -4.0346227 -0.0115780 -1.6635096 -0.0150111 0.9840913 -0.0588442 0.1669621
118.981324 -4.0280871 -0.0118219 -1.6815586 -0.0156506 0.9826594 -0.0574365 0.1756034
119.323394 -4.0117540 -0.0133620 -1.7246040 -0.0150519 0.9826092 -0.0563584 0.1762851
119.515073 -4.0029917 -0.0134249 -1.7491130 -0.0165253 0.9824998 -0.0567937 0.1766228
119.949440 -3.9821534 -0.0141559 -1.8045298 -0.0155777 0.9826203 -0.0567743 0.1760436
120.166428 -3.9656391 -0.0134359 -1.8279392 -0.0172277 0.9836553 -0.0544284 0.1707719
120.309114 -3.9499474 -0.0133149 -1.8389637 -0.0179485 0.9848009 -0.0517937 0.1648102
120.379318 -3.9416637 -0.0126430 -1.8434019 -0.0184868 0.9852739 -0.0510813 0.1621243
120.520470 -3.9247184 -0.0126406 -1.8518620 -0.0184133 0.9864607 -0.0491147 0.1553836
120.593257 -3.9158516 -0.0121052 -1.8561084 -0.0193398 0.9875969 -0.0479107 0.1482667
120.666108 -3.9078217 -0.0122654 -1.8613068 -0.0193096 0.9886525 -0.0463870 0.1415682
120.891561 -3.8817878 -0.0114804 -1.8767765 -0.0205702 0.9907023 -0.0432080 0.1273532
121.494638 -3.8089714 -0.0091994 -1.9077723 -0.0220910 0.9964632 -0.0272099 0.0763722
121.680277 -3.7846475 -0.0078696 -1.9046046 -0.0225548 0.9977672 -0.0184850 0.0600854
121.758503 -3.7747049 -0.0071726 -1.9037802 -0.0232462 0.9983829 -0.0133889 0.0501204
121.833477 -3.7691336 -0.0074405 -1.9081091 -0.0230817 0.9988116 -0.0069521 0.0423599
122.153112 -3.7665913 -0.0087060 -1.9520931 -0.0235472 0.9990845 0.0235026 0.0268934
122.235641 -3.7662101 -0.0091184 -1.9633517 -0.0235111 0.9990582 0.0273600 0.0241108
122.627112 -3.7645812 -0.0093105 -1.9743779 -0.0251248 0.9980351 0.0289958 0.0495371
122.798808 -3.7631021 -0.0095603 -1.9804202 -0.0254990 0.9973873 0.0280038 0.0615146
122.883390 -3.7617583 -0.0099518 -1.9918638 -0.0257132 0.9973673 0.0280961 0.0617093
123.064074 -3.7584124 -0.0104385 -2.0164666 -0.0252031 0.9972559 0.0286136 0.0634577
123.158832 -3.7566218 -0.0108026 -2.0290895 -0.0255272 0.9971158 0.0290512 0.0653029
123.254487 -3.7553964 -0.0112316 -2.0416799 -0.0268283 0.9962646 0.0316272 0.0757413
123.367772 -3.7595615 -0.0118820 -2.0558467 -0.0273032 0.9947096 0.0321530 0.0936670
123.510927 -3.7582827 -0.0123971 -2.0748610 -0.0280137 0.9929634 0.0324954 0.1103761
123.629329 -3.7545528 -0.0118972 -2.0903220 -0.0294670 0.9917297 0.0322682 0.1206760
123.750936 -3.7506847 -0.0110347 -2.1059620 -0.0292712 0.9902435 0.0318444 0.1324650
124.316346 -3.7704105 -0.0136105 -2.1296957 -0.0341652 0.9700453 0.0259298 0.2391079
124.635905 -3.7677655 -0.0134271 -2.1268210 -0.0346488 0.9554819 0.0181490 0.2924454
125.731532 -3.7442312 -0.0128989 -2.1497965 -0.0274764 0.9232044 -0.0030938 0.3833135
125.872242 -3.7576923 -0.0146342 -2.1624136 -0.0287543 0.9229972 -0.0026336 0.3837219
126.030318 -3.7618010 -0.0139773 -2.1716638 -0.0286332 0.9237117 -0.0038493 0.3819975
126.194376 -3.7531791 -0.0146808 -2.1819806 -0.0281934 0.9242365 -0.0035463 0.3807617
126.872901 -3.7501159 -0.0187045 -2.2551780 -0.0272824 0.9582037 -0.0048040 0.2847426
127.019465 -3.7497511 -0.0185227 -2.2555819 -0.0274073 0.9615245 -0.0053106 0.2732969
127.316677 -3.7438760 -0.0181653 -2.2689703 -0.0262102 0.9689207 -0.0082252 0.2458416
128.098293 -3.7348452 -0.0189122 -2.2924583 -0.0144291 0.9789676 -0.0645698 0.1929896
128.243537 -3.7394052 -0.0192428 -2.2808380 -0.0154751 0.9804452 -0.0618416 0.1861812
128.424448 -3.7482929 -0.0187959 -2.2588873 -0.0161335 0.9819483 -0.0604695 0.1784959
128.601462 -3.7581105 -0.0186883 -2.2364106 -0.0195084 0.9852819 -0.0456107 0.1635812
129.309635 -3.7615008 -0.0143543 -2.1462665 -0.0223778 0.9909182 -0.0245717 0.1302942
129.806674 -3.7641673 -0.0134189 -2.1138458 -0.0235439 0.9921077 -0.0106065 0.1227007
130.157787 -3.7719207 -0.0127900 -2.0664523 -0.0242550 0.9916204 -0.0098073 0.1265086
130.364248 -3.7726150 -0.0118400 -2.0386064 -0.0241220 0.9916160 -0.0100948 0.1265465
130.546514 -3.7789507 -0.0112716 -2.0146282 -0.0241542 0.9916052 -0.0098494 0.1266440
130.703797 -3.7842798 -0.0110667 -1.9938576 -0.0247269 0.9914780 -0.0092415 0.1275720
130.857617 -3.7892208 -0.0105143 -1.9731817 -0.0248617 0.9897898 -0.0085309 0.1400905
132.652386 -3.8619237 -0.0115551 -1.9189339 -0.0325653 0.9287322 0.0090503 0.3692075
132.976426 -3.8924272 -0.0135500 -1.9298007 -0.0343588 0.9196812 0.0116492 0.3909863
133.578434 -3.8769083 -0.0113777 -1.9120624 -0.0354871 0.9100366 0.0129979 0.4128017
134.126767 -3.8949335 -0.0132692 -1.9311905 -0.0378359 0.8804341 0.0146425 0.4724298
135.897231 -3.9103475 -0.0143988 -1.9407554 -0.0435170 0.8339069 0.0222624 0.5497363
136.119051 -3.9240594 -0.0147434 -1.9465401 -0.0433066 0.8332424 0.0222551 0.5507599
136.336147 -3.9294293 -0.0155475 -1.9593179 -0.0440798 0.8312618 0.0226044 0.5536694
136.682132 -3.9289958 -0.0155694 -1.9595518 -0.0444911 0.8279345 0.0229902 0.5585842
137.188450 -3.9302218 -0.0155489 -1.9546585 -0.0456308 0.7983319 0.0234340 0.6000292
137.612583 -3.9350715 -0.0159408 -1.9703302 -0.0460263 0.7753040 0.0234519 0.6294723
138.345745 -3.9431624 -0.0182352 -2.0209637 -0.0467328 0.7604749 0.0230060 0.6472749
139.665450 -3.9390159 -0.0170622 -1.9956374 -0.0463967 0.7569312 0.0228094 0.6514464
139.838522 -3.9392023 -0.0173513 -1.9952030 -0.0455357 0.7526899 0.0222744 0.6564208
141.200722 -3.8897741 -0.0153149 -2.0017014 -0.0455611 0.7521556 0.0218963 0.6570439
141.385271 -3.8647757 -0.0142267 -2.0049462 -0.0455500 0.7522302 0.0218854 0.6569595
141.576658 -3.8393164 -0.0132016 -2.0079188 -0.0458086 0.7524631 0.0215000 0.6566875
142.152898 -3.7865348 -0.0114046 -2.0152621 -0.0455429 0.7523550 0.0218337 0.6568189
142.736345 -3.7081823 -0.0086391 -2.0242953 -0.0454384 0.7373086 0.0196147 0.6737409
142.923956 -3.6824872 -0.0074804 -2.0255578 -0.0449781 0.7339954 0.0192074 0.6773913
143.105975 -3.6575646 -0.0063318 -2.0276146 -0.0448588 0.7338735 0.0192850 0.6775289
143.288719 -3.6322408 -0.0054599 -2.0294104 -0.0443851 0.7338450 0.0201714 0.6775653
143.477585 -3.6073914 -0.0043730 -2.0311117 -0.0445626 0.7340965 0.0198472 0.6772907
143.654010 -3.5831475 -0.0033641 -2.0331631 -0.0445222 0.7339154 0.0198759 0.6774886
145.096002 -3.5357428 -0.0017818 -2.0354500 -0.0441039 0.7282937 0.0194587 0.6835675
145.260360 -3.5136409 -0.0007418 -2.0369811 -0.0440161 0.7280999 0.0193813 0.6837817
145.436957 -3.4900587 0.0002245 -2.0381675 -0.0439681 0.7282839 0.0196982 0.6835799
145.610806 -3.4665008 0.0016171 -2.0399342 -0.0438493 0.7280186 0.0189623 0.6838908
146.168328 -3.4668489 0.0015469 -2.0401204 -0.0424097 0.7373403 0.0175185 0.6739613
146.328354 -3.4455531 0.0027307 -2.0418038 -0.0415690 0.7377810 0.0175335 0.6735308
146.482630 -3.4254816 0.0036875 -2.0432734 -0.0412183 0.7401034 0.0171140 0.6710105
146.648750 -3.4030273 0.0045015 -2.0454626 -0.0411728 0.7402619 0.0171904 0.6708365
146.818112 -3.3799930 0.0053581 -2.0478213 -0.0410190 0.7401220 0.0173948 0.6709951
147.139088 -3.3374944 0.0078523 -2.0511980 -0.0405358 0.7405377 0.0173990 0.6705655
147.302127 -3.3154993 0.0091018 -2.0532820 -0.0406368 0.7404485 0.0168930 0.6706708
147.466905 -3.2928307 0.0093346 -2.0548801 -0.0410150 0.7339397 0.0175522 0.6777479
147.629160 -3.2725010 0.0107291 -2.0463119 -0.0411856 0.7305429 0.0175494 0.6813977
147.791455 -3.2556374 0.0132701 -2.0324740 -0.0405141 0.7295371 0.0165438 0.6825399
147.951767 -3.2359025 0.0145362 -2.0245907 -0.0401554 0.7285652 0.0163880 0.6836021
148.278773 -3.1918330 0.0157369 -2.0275056 -0.0404852 0.7285831 0.0171391 0.6835451
148.473831 -3.1647339 0.0165253 -2.0290842 -0.0407426 0.7287157 0.0166836 0.6833997
148.635953 -3.1428726 0.0173822 -2.0303974 -0.0408868 0.7286234 0.0164904 0.6834942
149.006127 -3.1196079 0.0187879 -2.0305524 -0.0394467 0.7150095 0.0152842 0.6978337
149.178167 -3.0966790 0.0196639 -2.0305624 -0.0393753 0.7099981 0.0146749 0.7029487
149.347841 -3.0736494 0.0211592 -2.0302937 -0.0375829 0.7005923 0.0128980 0.7124546
149.540568 -3.0477097 0.0213500 -2.0296021 -0.0368690 0.6912702 0.0127181 0.7215431
151.046885 -2.9510403 0.0250433 -2.0344257 -0.0322026 0.6222987 0.0095539 0.7820590
151.422319 -2.9027863 0.0271519 -2.0345304 -0.0320212 0.5978724 0.0100033 0.8008891
151.784596 -2.8956397 0.0262088 -2.0551369 -0.0323524 0.5591177 0.0110843 0.8283827
151.968719 -2.8963239 0.0265631 -2.0546491 -0.0319416 0.5415195 0.0109541 0.8400097
152.342074 -2.8863709 0.0258435 -2.0764418 -0.0322259 0.5149593 0.0114074 0.8565328
154.142622 -2.7696376 0.0308671 -2.0627618 -0.0307951 0.3751771 0.0140184 0.9263355
154.368384 -2.7709348 0.0308895 -2.0616164 -0.0300942 0.3462502 0.0152650 0.9375351
154.472735 -2.7610991 0.0305581 -2.0703206 -0.0306073 0.3329110 0.0153831 0.9423358
155.718691 -2.6685822 0.0330098 -2.1018538 -0.0293846 0.1815634 0.0168653 0.9827955
155.851095 -2.6526031 0.0338256 -2.1015890 -0.0313259 0.1639083 0.0177583 0.9858182
156.120631 -2.6201262 0.0352857 -2.0972385 -0.0358664 0.1273423 0.0186317 0.9910350
156.521832 -2.6098318 0.0376284 -2.0442820 -0.0476355 0.0905811 0.0202788 0.9945425
157.038168 -2.6076953 0.0383754 -2.0192220 -0.0674400 0.0367783 0.0213970 0.9968156
157.517052 -2.6074789 0.0394410 -2.0017884 -0.0677581 0.0259115 0.0205197 0.9971542
157.636894 -2.6067278 0.0403725 -1.9857880 -0.0673937 0.0260832 0.0204852 0.9971751
157.760242 -2.6059856 0.0412244 -1.9691644 -0.0675152 0.0258593 0.0198859 0.9971848
157.825419 -2.6055136 0.0415030 -1.9605110 -0.0678981 0.0252323 0.0197442 0.9971777
158.330160 -2.5980370 0.0430561 -1.9333019 -0.0709144 -0.0552898 0.0176182 0.9957930
158.485622 -2.5780919 0.0435733 -1.9311184 -0.0738098 -0.0836341 0.0158297 0.9936332
158.627472 -2.5600157 0.0443328 -1.9283442 -0.0760337 -0.1061836 0.0150814 0.9913206
158.762254 -2.5520744 0.0446753 -1.9270788 -0.0760557 -0.1297740 0.0139829 0.9885235
158.909010 -2.5550845 0.0448371 -1.9194682 -0.0782528 -0.1469338 0.0126446 0.9859651
159.046291 -2.5621259 0.0450906 -1.9035155 -0.0824643 -0.1699609 0.0097719 0.9819458
159.488592 -2.5639315 0.0453759 -1.9043841 -0.1254171 -0.2213764 -0.0021675 0.9670876
161.226968 -2.5917077 0.0454061 -1.8620121 -0.0955321 -0.3514947 -0.0060216 0.9312835
161.366671 -2.5926645 0.0457084 -1.8622677 -0.0936596 -0.3593313 -0.0065828 0.9284749
161.504386 -2.5925856 0.0454902 -1.8630251 -0.0928487 -0.3761686 -0.0073155 0.9218584
162.657372 -2.6257029 0.0462051 -1.8341433 -0.0715398 -0.4227597 -0.0026341 0.9034099
162.793093 -2.6257620 0.0463075 -1.8338706 -0.0662255 -0.4158729 0.0004355 0.9070081
162.996928 -2.6256149 0.0460247 -1.8324271 -0.0596509 -0.3652986 0.0062377 0.9289563
163.474962 -2.6190410 0.0473382 -1.7841536 -0.0555155 -0.3004440 0.0113035 0.9521154
163.606482 -2.6221497 0.0476888 -1.7671530 -0.0569453 -0.2864064 0.0125074 0.9563327
163.747598 -2.6315482 0.0477738 -1.7502803 -0.0580800 -0.2604271 0.0127270 0.9636610
164.574085 -2.6410897 0.0481263 -1.7213675 -0.0240040 -0.1407827 0.0219743 0.9895055
164.807948 -2.6459808 0.0482162 -1.6985395 -0.0218407 -0.1258976 0.0219607 0.9915596
165.044528 -2.6519980 0.0499795 -1.6669817 -0.0160394 -0.1076713 0.0227654 0.9937965
165.277002 -2.6535506 0.0502657 -1.6434147 -0.0083321 -0.0671428 0.0223399 0.9974585
165.500618 -2.6534398 0.0500208 -1.6430624 -0.0035284 -0.0319026 0.0211403 0.9992612
165.788234 -2.6521332 0.0503285 -1.6505147 -0.0156133 -0.0260715 0.0213657 0.9993098
166.305659 -2.6491189 0.0471027 -1.7192891 -0.0378700 -0.0235870 0.0199129 0.9988058
166.481175 -2.6380031 0.0475803 -1.7388620 -0.0369016 -0.0233012 0.0200814 0.9988454
166.604764 -2.6310093 0.0477967 -1.7537831 -0.0361945 -0.0232866 0.0200352 0.9988725
166.731023 -2.6288884 0.0472190 -1.7701557 -0.0362964 -0.0231895 0.0207740 0.9988560
166.924804 -2.6281960 0.0461802 -1.7958696 -0.0365258 -0.0227768 0.0200783 0.9988713
167.115196 -2.6279800 0.0452351 -1.8211818 -0.0360416 -0.0219571 0.0198104 0.9989126
167.333745 -2.6270292 0.0450182 -1.8390326 -0.0316877 -0.0198651 0.0202957 0.9990942
167.878981 -2.6244714 0.0430192 -1.9102453 -0.0136595 -0.0127258 0.0206559 0.9996123
168.090019 -2.6239977 0.0418291 -1.9388484 -0.0121277 -0.0119182 0.0197191 0.9996610
168.283495 -2.6237917 0.0405778 -1.9646306 -0.0123857 -0.0112751 0.0210093 0.9996390
168.471464 -2.6231592 0.0392249 -1.9901503 -0.0125378 -0.0114571 0.0205303 0.9996450
168.660389 -2.6223485 0.0384178 -2.0156679 -0.0120671 -0.0117309 0.0203007 0.9996523
168.837782 -2.6216745 0.0373489 -2.0397203 -0.0122602 -0.0118300 0.0198172 0.9996585
169.002344 -2.6209378 0.0367277 -2.0617936 -0.0117837 -0.0090651 0.0198642 0.9996921
169.665356 -2.6193960 0.0352454 -2.1027887 -0.0235678 0.0152713 0.0192681 0.9994199
170.473403 -2.6508932 0.0337261 -2.1025386 -0.0287511 0.0323078 0.0190682 0.9988824
171.225962 -2.7054503 0.0322984 -2.0932474 -0.0263252 0.1055474 0.0179374 0.9939039
172.502807 -2.7134876 0.0316661 -2.1011055 -0.0239662 0.1720012 0.0170350 0.9846578
172.696571 -2.7122431 0.0320029 -2.1013265 -0.0240387 0.1939103 0.0163423 0.9805886
173.068145 -2.7355018 0.0309432 -2.0900741 -0.0257319 0.2593143 0.0152576 0.9653296
173.783927 -2.7336485 0.0310780 -2.0901191 -0.0255152 0.3125442 0.0138666 0.9494593
173.977748 -2.7319779 0.0309194 -2.0906067 -0.0306913 0.3537837 0.0148309 0.9347060
175.937472 -2.7456396 0.0313025 -2.0894222 -0.0509478 0.5313159 0.0221356 0.8453507
176.284325 -2.7546310 0.0315352 -2.0709500 -0.0532003 0.5501750 0.0242959 0.8329988
176.613071 -2.7535470 0.0317994 -2.0714667 -0.0537312 0.5873852 0.0255942 0.8071163
177.477731 -2.7307463 0.0327849 -2.0666203 -0.0455075 0.6045813 0.0193086 0.7950079
177.808263 -2.7096329 0.0335850 -2.0612364 -0.0325987 0.6214976 0.0096557 0.7826780
178.979791 -2.6968694 0.0348558 -2.0466933 -0.0003167 0.6556519 -0.0186611 0.7548326
179.301376 -2.6849022 0.0362165 -2.0324144 0.0005729 0.6714638 -0.0209842 0.7407399
179.598137 -2.6450880 0.0381126 -2.0292413 0.0029832 0.6799791 -0.0247121 0.7328089
179.923460 -2.6018140 0.0401646 -2.0267744 0.0052638 0.6826954 -0.0276941 0.7301592
180.221692 -2.5625024 0.0416021 -2.0240076 0.0052981 0.6828874 -0.0274744 0.7299876
180.372689 -2.5431952 0.0427449 -2.0227056 0.0052668 0.6829466 -0.0277970 0.7299202
180.526006 -2.5221539 0.0445300 -2.0220475 0.0055711 0.6825932 -0.0283812 0.7302260
180.824737 -2.4822812 0.0465133 -2.0200667 0.0051121 0.6856125 -0.0284180 0.7273939
181.123591 -2.4433918 0.0480390 -2.0179658 0.0035847 0.6932006 -0.0274986 0.7202110
181.387486 -2.4085269 0.0483311 -2.0174618 0.0018550 0.6952803 -0.0269016 0.7182328
181.668409 -2.3711765 0.0495850 -2.0160201 0.0012835 0.6962576 -0.0267935 0.7172906
181.938799 -2.3342073 0.0508590 -2.0157518 0.0018855 0.6962715 -0.0262964 0.7172943
182.210513 -2.2983444 0.0523313 -2.0158594 0.0002388 0.7008398 -0.0269101 0.7128109
182.494518 -2.2602355 0.0536141 -2.0160246 -0.0005033 0.7044333 -0.0267448 0.7092660
182.767469 -2.2238283 0.0550817 -2.0159345 -0.0005252 0.7049664 -0.0269969 0.7087266
182.907147 -2.2047513 0.0564772 -2.0158501 0.0006188 0.7049543 -0.0266354 0.7087523
183.179409 -2.1684678 0.0580169 -2.0159359 0.0000527 0.7047969 -0.0270656 0.7088927
183.445850 -2.1333156 0.0584724 -2.0158935 -0.0011864 0.7049371 -0.0269353 0.7087572
183.709444 -2.0967960 0.0597185 -2.0161688 -0.0014828 0.7045896 -0.0270584 0.7090974
183.965006 -2.0641227 0.0615600 -2.0162754 -0.0000578 0.7045451 -0.0277358 0.7091170
184.226937 -2.0296090 0.0624697 -2.0155096 0.0014458 0.7046832 -0.0298148 0.7088940
184.485430 -1.9946173 0.0649283 -2.0153780 0.0033059 0.7048311 -0.0317592 0.7086561
184.719638 -1.9632391 0.0653108 -2.0155087 0.0032042 0.7046713 -0.0311140 0.7088442
184.963863 -1.9305942 0.0668555 -2.0145233 0.0036821 0.7049668 -0.0310406 0.7085511
185.208329 -1.8979974 0.0686220 -2.0153975 0.0037326 0.7042936 -0.0315932 0.7091957
185.479396 -1.8620147 0.0699164 -2.0144269 0.0037974 0.7053588 -0.0309256 0.7081653
185.698642 -1.8330154 0.0710943 -2.0144789 0.0032902 0.7079706 -0.0313591 0.7055377
185.924200 -1.8031949 0.0722648 -2.0145373 0.0034990 0.7093719 -0.0309712 0.7041450
186.126364 -1.7763238 0.0737543 -2.0150976 0.0037412 0.7102938 -0.0312794 0.7032000
186.341489 -1.7479141 0.0749383 -2.0153866 0.0039665 0.7110622 -0.0311665 0.7024269
186.529501 -1.7229078 0.0768564 -2.0155358 0.0037872 0.7111153 -0.0315043 0.7023590
186.732225 -1.6945870 0.0790697 -2.0165181 0.0044006 0.7107282 -0.0317619 0.7027356
187.013382 -1.6576780 0.0805951 -2.0160935 0.0042589 0.7111723 -0.0314507 0.7023010
187.206256 -1.6320584 0.0826032 -2.0164351 0.0043247 0.7111797 -0.0323272 0.7022533
187.396893 -1.6065673 0.0838678 -2.0171432 0.0041444 0.7124377 -0.0324265 0.7009736
187.592240 -1.5804906 0.0848629 -2.0171781 0.0034115 0.7138107 -0.0313792 0.6996270
187.786780 -1.5542557 0.0861102 -2.0181737 0.0031492 0.7140992 -0.0314626 0.6993300
187.952841 -1.5326800 0.0867595 -2.0184989 0.0033045 0.7141277 -0.0308478 0.6993276
188.116108 -1.5111790 0.0878014 -2.0187204 0.0028428 0.7143500 -0.0312322 0.6990855
188.362384 -1.4783356 0.0892301 -2.0196967 0.0021138 0.7151462 -0.0306053 0.6983014
188.518440 -1.4568386 0.0900460 -2.0205476 0.0021005 0.7148623 -0.0306041 0.6985920
188.683485 -1.4347911 0.0911101 -2.0209165 0.0014432 0.7161965 -0.0302869 0.6972398
188.821183 -1.4156504 0.0912553 -2.0210919 0.0009198 0.7166793 -0.0293487 0.6967846
189.030043 -1.3882821 0.0928315 -2.0222287 0.0020727 0.7184065 -0.0302751 0.6949613
189.241801 -1.3602473 0.0943235 -2.0235658 0.0029263 0.7186518 -0.0305345 0.6946933
189.529010 -1.3210335 0.0948588 -2.0254521 0.0017759 0.7194821 -0.0312586 0.6938049
190.093963 -1.2444322 0.0986299 -2.0287073 0.0020507 0.7236347 -0.0317697 0.6894486
190.220893 -1.2275538 0.0998655 -2.0298018 0.0028020 0.7247360 -0.0320338 0.6882759
190.477631 -1.1932864 0.1005937 -2.0313709 0.0025788 0.7244340 -0.0316401 0.6886128
190.604657 -1.1755886 0.1012838 -2.0320435 0.0028793 0.7243441 -0.0312136 0.6887257
190.975318 -1.1262274 0.1031569 -2.0341616 0.0024182 0.7245471 -0.0314022 0.6885053
191.113814 -1.1076339 0.1038313 -2.0349669 0.0026518 0.7244803 -0.0311843 0.6885847
191.232208 -1.0913943 0.1046792 -2.0360651 0.0034264 0.7260142 -0.0317161 0.6869394
191.361042 -1.0742812 0.1055877 -2.0366573 0.0035902 0.7261533 -0.0315349 0.6867999
191.480388 -1.0580457 0.1058538 -2.0368214 0.0036311 0.7265764 -0.0309291 0.6863796
191.605822 -1.0417026 0.1068921 -2.0379126 0.0039662 0.7261557 -0.0309551 0.6868216
191.726890 -1.0255467 0.1075120 -2.0383277 0.0043386 0.7256353 -0.0307278 0.6873794
191.872821 -1.0059564 0.1084964 -2.0391040 0.0043822 0.7242628 -0.0308124 0.6888213
192.055652 -0.9813722 0.1099527 -2.0399153 0.0054834 0.7237574 -0.0307299 0.6893481
192.237658 -0.9567593 0.1108662 -2.0409520 0.0051251 0.7231767 -0.0305611 0.6899676
192.432587 -0.9309210 0.1121898 -2.0415585 0.0054462 0.7232042 -0.0304264 0.6899422
192.615545 -0.9053316 0.1138442 -2.0428641 0.0053751 0.7222394 -0.0312271 0.6909170
192.801416 -0.8824549 0.1143783 -2.0424054 0.0062589 0.7225052 -0.0300483 0.6906840
192.989105 -0.8556869 0.1153878 -2.0440354 0.0068394 0.7215854 -0.0304253 0.6916229
193.166746 -0.8328032 0.1172976 -2.0445638 0.0075433 0.7213899 -0.0316258 0.6917655
193.354110 -0.8067377 0.1182089 -2.0454330 0.0083446 0.7204592 -0.0324042 0.6926897
193.536606 -0.7819890 0.1187075 -2.0459862 0.0088309 0.7193174 -0.0317983 0.6938972
193.723704 -0.7565992 0.1201963 -2.0467346 0.0100662 0.7166179 -0.0321140 0.6966535
193.914473 -0.7308418 0.1203174 -2.0472412 0.0095396 0.7150127 -0.0309344 0.6983615
194.251419 -0.6856661 0.1226072 -2.0477223 0.0096739 0.7122077 -0.0310014 0.7012171
194.455359 -0.6579313 0.1235806 -2.0485346 0.0098317 0.7067444 -0.0309933 0.7067214
194.640008 -0.6340132 0.1245422 -2.0474980 0.0102091 0.6968591 -0.0299498 0.7165098
195.009358 -0.5845129 0.1264495 -2.0456893 0.0101302 0.6833376 -0.0289191 0.7294593
195.188831 -0.5603199 0.1277949 -2.0440481 0.0102143 0.6836063 -0.0294456 0.7291852
195.748540 -0.5531675 0.1274226 -2.0435777 0.0122662 0.6766019 -0.0319896 0.7355516
196.279493 -0.4968233 0.1294352 -2.0550668 0.0211114 0.6439130 -0.0335197 0.7640725
196.465394 -0.4729593 0.1310140 -2.0495086 0.0256889 0.6242059 -0.0335899 0.7801146
196.677569 -0.4530057 0.1313874 -2.0584612 0.0315667 0.5927945 -0.0338757 0.8040216
197.006061 -0.4459020 0.1312810 -2.0786266 0.0378975 0.5476980 -0.0312111 0.8352345
197.325326 -0.4459412 0.1311371 -2.0781333 0.0379873 0.5468994 -0.0309147 0.8357645
197.771556 -0.4139404 0.1319366 -2.1099033 0.0443654 0.4845294 -0.0248774 0.8732949
198.644613 -0.3289694 0.1349099 -2.0932517 0.0456654 0.3716551 -0.0132761 0.9271520
198.715488 -0.3229850 0.1367625 -2.0994027 0.0441248 0.3564556 -0.0086376 0.9332298
199.006452 -0.3159859 0.1362574 -2.1071105 0.0228786 0.3023878 0.0032694 0.9529048
199.241343 -0.3174146 0.1361221 -2.1066029 0.0172924 0.2748010 0.0070507 0.9613198
199.591287 -0.3108845 0.1362852 -2.1105900 0.0172692 0.2748946 0.0067992 0.9612952
199.721478 -0.2960977 0.1367503 -2.1196737 0.0178969 0.2683464 0.0065257 0.9631341
199.848690 -0.2825423 0.1374136 -2.1197145 0.0167343 0.2476412 0.0086034 0.9686691
200.079171 -0.2694890 0.1381092 -2.0926144 0.0061235 0.2221709 0.0119953 0.9749147
200.191122 -0.2634398 0.1387764 -2.0790718 -0.0020183 0.2091359 0.0140567 0.9777835
200.796326 -0.2410000 0.1402757 -2.0653429 -0.0499757 0.1240714 0.0236118 0.9907327
200.911468 -0.2416985 0.1401757 -2.0653205 -0.0522002 0.1091821 0.0235173 0.9923716
201.363223 -0.2344349 0.1405673 -2.0671725 -0.0519985 0.1092232 0.0236145 0.9923754
201.781597 -0.2057514 0.1415796 -2.0737951 -0.0602545 0.0811812 0.0230844 0.9946085
202.007894 -0.2016936 0.1426065 -2.0441122 -0.0727203 0.0661547 0.0237579 0.9948723
202.200857 -0.2014939 0.1425857 -2.0362720 -0.0859201 0.0477023 0.0235206 0.9948814
202.436112 -0.2010943 0.1430696 -2.0212324 -0.0897332 0.0332477 0.0229040 0.9951472
202.558655 -0.2004527 0.1434675 -2.0049794 -0.0944025 0.0210344 0.0222891 0.9950623
202.683369 -0.2005792 0.1436865 -1.9969416 -0.1000043 0.0104306 0.0215697 0.9946985
202.882808 -0.2016002 0.1439046 -1.9884348 -0.1058232 -0.0104810 0.0200562 0.9941275
203.018946 -0.2026048 0.1442980 -1.9704281 -0.1067155 -0.0236770 0.0192872 0.9938205
203.162226 -0.2043730 0.1447566 -1.9515141 -0.1056643 -0.0450984 0.0175097 0.9932244
203.390256 -0.2050832 0.1447073 -1.9517055 -0.1032334 -0.0594255 0.0161693 0.9927487
203.892598 -0.2080552 0.1448318 -1.9433808 -0.1005128 -0.0924695 0.0144340 0.9905242
204.475625 -0.1808700 0.1462536 -1.8974439 -0.1187340 -0.1927703 0.0025753 0.9740304
204.562297 -0.1710330 0.1470430 -1.8937417 -0.1239656 -0.2071028 -0.0003120 0.9704334
205.121118 -0.1737191 0.1469153 -1.8964661 -0.1083873 -0.2783352 -0.0052240 0.9543346
205.594036 -0.1741978 0.1473081 -1.8974295 -0.1050357 -0.2990598 -0.0055836 0.9484195
206.220255 -0.2185221 0.1471143 -1.8263180 -0.0925263 -0.2569371 0.0022005 0.9619862
206.375105 -0.2223129 0.1469484 -1.8158324 -0.0919050 -0.2279590 0.0059429 0.9693053
206.524256 -0.2221986 0.1470113 -1.8153651 -0.0888114 -0.2083396 0.0072707 0.9739888
206.672534 -0.2296586 0.1469021 -1.7969160 -0.0801603 -0.2003840 0.0097789 0.9763836
206.821379 -0.2372356 0.1470759 -1.7781646 -0.0705174 -0.1900226 0.0122907 0.9791668
206.958478 -0.2435077 0.1477545 -1.7615910 -0.0696891 -0.1896943 0.0129530 0.9792812
207.108005 -0.2512668 0.1474395 -1.7431779 -0.0702487 -0.1893423 0.0123894 0.9793167
207.249977 -0.2576281 0.1474648 -1.7254820 -0.0650752 -0.1801507 0.0145870 0.9813757
207.387685 -0.2597073 0.1477787 -1.7169383 -0.0625768 -0.1783175 0.0158954 0.9818525
207.593705 -0.2522821 0.1471085 -1.7140347 -0.0639123 -0.1772321 0.0144273 0.9819857
207.799650 -0.2548846 0.1473900 -1.7052790 -0.0602635 -0.1715325 0.0154885 0.9832116
208.069671 -0.2598222 0.1477825 -1.6879485 -0.0379635 -0.1549046 0.0197341 0.9870025
208.204319 -0.2594564 0.1476446 -1.6875623 -0.0320171 -0.1504163 0.0207601 0.9878861
208.325347 -0.2514543 0.1478154 -1.6853286 -0.0311825 -0.1475412 0.0207988 0.9883454
208.449095 -0.2348669 0.1479066 -1.6800776 -0.0298592 -0.1373861 0.0206344 0.9898524
208.626870 -0.2102740 0.1494493 -1.6743076 -0.0282526 -0.1353505 0.0210997 0.9901701
209.816018 -0.2127642 0.1499660 -1.6529783 0.0018857 -0.0868716 0.0239790 0.9959291
209.970244 -0.2142743 0.1496540 -1.6321929 0.0008271 -0.0866797 0.0238716 0.9959499
210.128644 -0.2180520 0.1520285 -1.6190138 0.0044981 -0.0786475 0.0233126 0.9966198
210.304693 -0.2160851 0.1521945 -1.6270601 0.0048714 -0.0598686 0.0226181 0.9979381
210.774494 -0.2079017 0.1506037 -1.6868234 0.0049340 -0.0521773 0.0222317 0.9983782
211.209803 -0.2051223 0.1479377 -1.7457547 -0.0100649 -0.0384952 0.0212880 0.9989813
211.562152 -0.1972355 0.1485901 -1.7900039 -0.0207608 -0.0357748 0.0222294 0.9988969
211.948163 -0.2027787 0.1467352 -1.8394518 -0.0255487 -0.0366907 0.0213599 0.9987717
212.146042 -0.2272993 0.1462218 -1.8321980 -0.0307202 -0.0391870 0.0214397 0.9985294
213.017174 -0.1950524 0.1468909 -1.8850222 -0.0314887 -0.0397775 0.0223980 0.9984611
213.233830 -0.1925220 0.1462898 -1.9128007 -0.0209518 -0.0367246 0.0219933 0.9988637
213.461326 -0.1912385 0.1454328 -1.9450203 -0.0169758 -0.0351497 0.0213159 0.9990105
213.657698 -0.1892054 0.1448157 -1.9707382 -0.0173907 -0.0352796 0.0216129 0.9989924
213.853362 -0.1874175 0.1440839 -1.9968117 -0.0172797 -0.0352903 0.0217680 0.9989906
214.032995 -0.1856350 0.1437003 -2.0208898 -0.0168062 -0.0353966 0.0207573 0.9990164
214.273980 -0.1833262 0.1428043 -2.0530500 -0.0168564 -0.0354001 0.0211974 0.9990062
214.467283 -0.1901249 0.1421289 -2.0771911 -0.0150956 -0.0194218 0.0207952 0.9994811
214.713740 -0.2054505 0.1403476 -2.1046767 -0.0214823 0.0204286 0.0207252 0.9993456
214.966948 -0.2061505 0.1395833 -2.1217117 -0.0276653 0.0596695 0.0194617 0.9976450
215.476849 -0.2066309 0.1399864 -2.1214597 -0.0354574 0.1136806 0.0213595 0.9926547
215.907414 -0.2061151 0.1400879 -2.1214402 -0.0339815 0.1232163 0.0208791 0.9915781
216.133114 -0.2330070 0.1390865 -2.1128209 -0.0378652 0.1718165 0.0220990 0.9841529
216.415348 -0.2533804 0.1388655 -2.1035903 -0.0469900 0.2447972 0.0242338 0.9681317
216.674498 -0.2525553 0.1386749 -2.1035471 -0.0472796 0.2598474 0.0242163 0.9641875
217.006665 -0.2524102 0.1387047 -2.1040003 -0.0466204 0.2644356 0.0243620 0.9629678
217.233274 -0.2502407 0.1389276 -2.1043906 -0.0472475 0.3050993 0.0248546 0.9508230
217.563560 -0.2775258 0.1383290 -2.0802407 -0.0579789 0.3792584 0.0291923 0.9230110
217.729643 -0.2845773 0.1382723 -2.0684128 -0.0625310 0.4122096 0.0324896 0.9083598
217.895064 -0.2971776 0.1377168 -2.0522914 -0.0684860 0.4466998 0.0352766 0.8913611
218.075574 -0.2963139 0.1379139 -2.0529094 -0.0679071 0.4625388 0.0359200 0.8832645
218.436262 -0.2963339 0.1378393 -2.0529423 -0.0681309 0.4640772 0.0358900 0.8824412
221.124645 -0.2762917 0.1389192 -2.0362391 -0.0659117 0.6233385 0.0396167 0.7781615
221.874299 -0.2813387 0.1393645 -2.0095155 -0.0599750 0.6642082 0.0364842 0.7442442
222.030562 -0.2813150 0.1394288 -2.0098531 -0.0553235 0.6727812 0.0326621 0.7370468
222.273806 -0.2740084 0.1397580 -2.0094984 -0.0544082 0.6748065 0.0316109 0.7353072
222.480351 -0.2454927 0.1413378 -2.0078778 -0.0503400 0.6867271 0.0281021 0.7246255
222.703086 -0.2153139 0.1427129 -2.0082021 -0.0447577 0.7069355 0.0223621 0.7055061
222.884697 -0.1908019 0.1438539 -2.0082042 -0.0441940 0.7079536 0.0223876 0.7045193
223.040336 -0.1698004 0.1450710 -2.0080628 -0.0437938 0.7081575 0.0218765 0.7043554
223.200213 -0.1480882 0.1456930 -2.0084162 -0.0444683 0.7082122 0.0224692 0.7042395
223.357419 -0.1271209 0.1467020 -2.0078564 -0.0442268 0.7086026 0.0223302 0.7038662
223.508511 -0.1067685 0.1474930 -2.0082800 -0.0444232 0.7082627 0.0225098 0.7041903
223.660022 -0.0869193 0.1487234 -2.0075576 -0.0440086 0.7099996 0.0227159 0.7024584
223.969061 -0.0457809 0.1511408 -2.0078521 -0.0445010 0.7266725 0.0213376 0.6852091
224.121676 -0.0247707 0.1517596 -2.0094814 -0.0402316 0.7334918 0.0185660 0.6782526
224.291555 -0.0022004 0.1526904 -2.0114090 -0.0362505 0.7362326 0.0141470 0.6756089
224.453863 0.0201707 0.1534361 -2.0130439 -0.0350081 0.7372077 0.0121951 0.6746486
224.614157 0.0415545 0.1554470 -2.0140736 -0.0323785 0.7381867 0.0102387 0.6737412
224.762029 0.0612173 0.1563681 -2.0151882 -0.0320804 0.7384561 0.0105427 0.6734555
224.914323 0.0818560 0.1572707 -2.0174341 -0.0318752 0.7381268 0.0103706 0.6738288
225.127432 0.1112559 0.1584811 -2.0198457 -0.0322960 0.7385998 0.0097111 0.6733001
225.332607 0.1392109 0.1595438 -2.0224833 -0.0324016 0.7372665 0.0104325 0.6747440
225.508909 0.1631439 0.1600265 -2.0247738 -0.0330955 0.7352792 0.0111267 0.6768644
225.637122 0.1801693 0.1606714 -2.0255480 -0.0332684 0.7353412 0.0110725 0.6767895
225.767284 0.1974335 0.1610436 -2.0274727 -0.0338138 0.7334276 0.0111457 0.6788346
225.893074 0.2139199 0.1621467 -2.0287192 -0.0336245 0.7303238 0.0106162 0.6821905
226.153415 0.2479057 0.1635973 -2.0312104 -0.0331889 0.7299258 0.0097865 0.6826501
226.280639 0.2648380 0.1641380 -2.0314801 -0.0337144 0.7305235 0.0096112 0.6819872
226.689651 0.3134816 0.1655193 -2.0349534 -0.0337818 0.7303975 0.0100903 0.6821118
226.824078 0.3194780 0.1665465 -2.0352945 -0.0330166 0.7304345 0.0096404 0.6821161
227.683636 0.4300764 0.1738945 -2.0444031 -0.0308731 0.7310877 0.0075039 0.6815433
227.799038 0.4307492 0.1723502 -2.0579119 -0.0311410 0.7221344 0.0094402 0.6909871
227.912998 0.4367454 0.1719301 -2.0688505 -0.0316255 0.7167979 0.0095859 0.6964975
228.229815 0.4743445 0.1732250 -2.0696805 -0.0318806 0.7121357 0.0098964 0.7012478
228.355984 0.4735548 0.1735959 -2.0686896 -0.0331718 0.7044920 0.0115956 0.7088415
229.013368 0.5142798 0.1752997 -2.0602190 -0.0341031 0.6519740 0.0123007 0.7573742
229.177290 0.5193826 0.1760848 -2.0585973 -0.0336378 0.6507528 0.0117003 0.7584539
229.334592 0.5219235 0.1744931 -2.0730963 -0.0344757 0.6335038 0.0137361 0.7728491
229.419764 0.5239022 0.1744368 -2.0827618 -0.0343414 0.6209467 0.0135881 0.7829822
229.621805 0.5362750 0.1741035 -2.1001618 -0.0310776 0.5822404 0.0120033 0.8123338
230.481011 0.6228617 0.1808334 -2.0989909 -0.0248530 0.4880698 0.0086912 0.8724074
230.754696 0.6503878 0.1806603 -2.1143420 -0.0216853 0.4259052 0.0093802 0.9044592
230.840857 0.6592048 0.1788891 -2.1096694 -0.0232472 0.4087499 0.0115676 0.9122770
230.931232 0.6682108 0.1801630 -2.1011240 -0.0225384 0.3896514 0.0117453 0.9206117
231.292397 0.7043916 0.1814524 -2.0931900 -0.0218933 0.3322387 0.0129288 0.9428526
231.597605 0.7294118 0.1826212 -2.1132572 -0.0200404 0.2770171 0.0123917 0.9605761
231.872600 0.7373004 0.1834252 -2.1183734 -0.0192565 0.2765120 0.0119644 0.9607430
231.979430 0.7496156 0.1837104 -2.1265728 -0.0194407 0.2765640 0.0115018 0.9607300
232.077565 0.7614491 0.1842621 -2.1342616 -0.0189152 0.2760808 0.0111658 0.9608834
232.171226 0.7720275 0.1845114 -2.1385980 -0.0194180 0.2678249 0.0111485 0.9632074
232.693412 0.8073899 0.1866206 -2.1400304 -0.0184678 0.2095980 0.0101798 0.9775602
232.793438 0.8073583 0.1869612 -2.1400192 -0.0166417 0.2049216 0.0097446 0.9785884
232.888687 0.8073203 0.1866601 -2.1397181 -0.0153291 0.1937595 0.0096187 0.9808821
232.983568 0.8084379 0.1870042 -2.1338074 -0.0141304 0.1856208 0.0094017 0.9824749
233.229289 0.8196009 0.1884813 -2.1015470 -0.0135506 0.1715399 0.0093135 0.9850399
233.323478 0.8239731 0.1886304 -2.0892792 -0.0139291 0.1715580 0.0093513 0.9850312
233.612591 0.8361241 0.1898233 -2.0523760 -0.0139148 0.1601996 0.0098244 0.9869376
233.712492 0.8396963 0.1899820 -2.0394530 -0.0144048 0.1584398 0.0104681 0.9872081
233.809246 0.8443237 0.1905001 -2.0267937 -0.0140794 0.1579485 0.0105014 0.9872911
233.898055 0.8478661 0.1910038 -2.0155408 -0.0142030 0.1581125 0.0102082 0.9872662
233.988303 0.8516595 0.1911679 -2.0038273 -0.0143919 0.1581534 0.0106827 0.9872519
234.075900 0.8555523 0.1917061 -1.9924053 -0.0142575 0.1580929 0.0102183 0.9872684
234.208577 0.8611999 0.1925422 -1.9749864 -0.0138415 0.1500552 0.0104116 0.9885259
234.302683 0.8645910 0.1929459 -1.9624679 -0.0125126 0.1415335 0.0101760 0.9898021
234.407724 0.8678793 0.1932348 -1.9491438 -0.0114014 0.1373867 0.0105016 0.9903962
234.593507 0.8745601 0.1939372 -1.9254215 -0.0104350 0.1330178 0.0107434 0.9910005
234.772578 0.8801376 0.1950319 -1.9024501 -0.0090852 0.1290548 0.0100252 0.9915452
234.862558 0.8832453 0.1952866 -1.8905960 -0.0087250 0.1211204 0.0099832 0.9925493
234.960602 0.8859205 0.1957563 -1.8782923 -0.0080371 0.1177439 0.0104255 0.9929568
235.141774 0.8910952 0.1963533 -1.8547204 -0.0081989 0.1118092 0.0101328 0.9936442
235.236260 0.8929995 0.1964822 -1.8430079 -0.0067791 0.1059940 0.0110802 0.9942819
235.335399 0.8954773 0.1973308 -1.8302431 -0.0054369 0.1027632 0.0101489 0.9946392
235.794061 0.9066266 0.1988032 -1.7711724 -0.0055683 0.0947733 0.0116531 0.9954151
235.883999 0.9083510 0.1992720 -1.7595979 -0.0051143 0.0857217 0.0120364 0.9962333
235.974907 0.9105565 0.1996950 -1.7477450 -0.0050816 0.0854703 0.0119210 0.9962565
236.064112 0.9122047 0.1998466 -1.7361555 -0.0056063 0.0857302 0.0121511 0.9962285
236.151505 0.9137334 0.2008197 -1.7244281 -0.0047354 0.0773436 0.0115671 0.9969261
236.284405 0.9157462 0.2012107 -1.7078196 -0.0048846 0.0737856 0.0123252 0.9971860
236.419111 0.9180309 0.2016782 -1.6906683 -0.0050901 0.0742650 0.0125973 0.9971460
236.693850 0.9232262 0.2031598 -1.6547266 -0.0058732 0.0738202 0.0121126 0.9971808
236.791891 0.9242237 0.2032818 -1.6424034 -0.0079614 0.0715390 0.0125531 0.9973270
236.886874 0.9265967 0.2037984 -1.6291126 -0.0078301 0.0711674 0.0122572 0.9973584
236.977795 0.9276953 0.2040274 -1.6180041 -0.0089075 0.0681181 0.0124643 0.9975596
237.260172 0.9321338 0.2051382 -1.5807600 -0.0093436 0.0602364 0.0131766 0.9980534
237.547841 0.9344769 0.2064998 -1.5436659 -0.0088250 0.0423403 0.0142136 0.9989632
237.639774 0.9353281 0.2071347 -1.5316477 -0.0076653 0.0376251 0.0144733 0.9991577
237.775943 0.9369065 0.2076576 -1.5133477 -0.0075503 0.0358823 0.0145570 0.9992215
237.929953 0.9387069 0.2087425 -1.4924272 -0.0063782 0.0358330 0.0135837 0.9992451
238.243695 0.9408799 0.2096919 -1.4520662 -0.0072907 0.0364118 0.0141744 0.9992098
238.403210 0.9422387 0.2101016 -1.4312718 -0.0074830 0.0364111 0.0141355 0.9992089
238.550708 0.9431105 0.2112495 -1.4129993 -0.0070493 0.0363418 0.0139689 0.9992170
238.696528 0.9449455 0.2115287 -1.3938783 -0.0075228 0.0359586 0.0140276 0.9992265
238.992139 0.9471782 0.2130424 -1.3565025 -0.0068796 0.0299657 0.0144785 0.9994224
239.140338 0.9480962 0.2135711 -1.3378911 -0.0070946 0.0301936 0.0146206 0.9994119
239.290446 0.9489731 0.2141147 -1.3190905 -0.0073694 0.0304755 0.0144170 0.9994044
239.448135 0.9498532 0.2147394 -1.2990100 -0.0073301 0.0248880 0.0147489 0.9995546
239.591946 0.9506367 0.2149832 -1.2808663 -0.0081317 0.0223739 0.0150868 0.9996027
239.940844 0.9527586 0.2169380 -1.2359458 -0.0076090 0.0223407 0.0150612 0.9996080
240.107935 0.9541213 0.2175216 -1.2146107 -0.0076059 0.0220809 0.0141714 0.9996268
240.596118 0.9567391 0.2213617 -1.1530864 -0.0062970 0.0220810 0.0137597 0.9996417
240.766894 0.9570138 0.2214528 -1.1311597 -0.0071378 0.0225280 0.0139656 0.9996232
241.640432 0.9614220 0.2240152 -1.0169764 -0.0081789 0.0187787 0.0155232 0.9996697
241.802510 0.9622728 0.2255178 -0.9952685 -0.0071359 0.0137841 0.0145149 0.9997742
241.919227 0.9626614 0.2255118 -0.9804353 -0.0075309 0.0020154 0.0146303 0.9998626
242.120182 0.9625919 0.2258537 -0.9529548 -0.0075556 -0.0147669 0.0156360 0.9997402
242.279013 0.9606041 0.2274978 -0.9336355 -0.0065230 -0.0337292 0.0149818 0.9992974
242.522827 0.9596091 0.2269693 -0.9008012 -0.0077449 -0.0394286 0.0148547 0.9990820
242.650454 0.9587799 0.2277173 -0.8838451 -0.0078147 -0.0398214 0.0146053 0.9990695
242.780383 0.9576408 0.2288374 -0.8668805 -0.0068360 -0.0408652 0.0142503 0.9990397
242.910355 0.9557527 0.2270532 -0.8501088 -0.0087001 -0.0549535 0.0155429 0.9983301
243.029807 0.9521334 0.2276758 -0.8353259 -0.0083490 -0.0797302 0.0171933 0.9966332
243.279307 0.9451889 0.2288778 -0.8035623 -0.0078738 -0.1133870 0.0173917 0.9933675
243.442904 0.9516158 0.2308543 -0.7838880 -0.0067109 -0.1328479 0.0168587 0.9909703
243.611593 0.9626414 0.2319118 -0.7649332 -0.0062253 -0.1570101 0.0174349 0.9874235
243.770834 0.9701456 0.2328579 -0.7466365 -0.0055731 -0.1822745 0.0183086 0.9830614
243.896691 0.9766530 0.2337461 -0.7321279 -0.0050501 -0.2098973 0.0192339 0.9775212
244.022491 0.9844254 0.2341352 -0.7162268 -0.0052730 -0.2236820 0.0188022 0.9744666
244.145986 0.9880374 0.2349846 -0.7010759 -0.0051452 -0.2228620 0.0190985 0.9746493
244.460641 0.9796150 0.2354230 -0.6623315 -0.0066398 -0.2497321 0.0191959 0.9681019
244.596532 0.9896397 0.2351635 -0.6490241 -0.0067564 -0.2853392 0.0205936 0.9581815
244.738047 0.9981794 0.2358384 -0.6361355 -0.0066900 -0.3030214 0.0211664 0.9527252
244.872009 0.9885120 0.2368955 -0.6225711 -0.0056992 -0.3196497 0.0212929 0.9472794
245.018395 0.9759952 0.2373813 -0.6086100 -0.0050729 -0.3408566 0.0222118 0.9398392
245.309181 0.9550090 0.2377775 -0.5877041 -0.0045668 -0.3823018 0.0234616 0.9237283
245.411828 0.9635479 0.2389043 -0.5800972 -0.0035396 -0.4085816 0.0239269 0.9124013
245.937743 0.9708238 0.2399618 -0.5628538 -0.0024206 -0.4590928 0.0251011 0.8880304
246.056143 0.9585693 0.2404714 -0.5543377 -0.0024650 -0.4589379 0.0265744 0.8880674
246.426922 0.9180579 0.2420174 -0.5299506 0.0018300 -0.4960592 0.0279296 0.8678375
246.560632 0.9030649 0.2416954 -0.5226101 0.0024610 -0.5103855 0.0284170 0.8594725
246.848643 0.9086483 0.2431425 -0.4947799 0.0035920 -0.5447863 0.0290430 0.8380641
246.931190 0.9131170 0.2434148 -0.4852040 0.0035051 -0.5539647 0.0292886 0.8320174
247.018451 0.9176152 0.2445276 -0.4751686 0.0042836 -0.5628265 0.0295394 0.8260360
247.207763 0.9273384 0.2450894 -0.4529105 0.0042983 -0.5796880 0.0294837 0.8142936
247.310319 0.9271222 0.2454512 -0.4531770 0.0044149 -0.5837203 0.0297179 0.8113989
247.721069 0.9025010 0.2454368 -0.4469686 0.0043126 -0.6042795 0.0300670 0.7961932
247.827494 0.8893505 0.2448165 -0.4439381 0.0040320 -0.6107972 0.0298718 0.7912131
248.058944 0.8602155 0.2443371 -0.4370127 0.0042475 -0.6173340 0.0296178 0.7861320
248.174188 0.8464902 0.2441364 -0.4341959 0.0042047 -0.6196829 0.0296830 0.7842795
248.288840 0.8321059 0.2439309 -0.4313315 0.0038977 -0.6225662 0.0298429 0.7819882
248.408171 0.8172596 0.2434100 -0.4282576 0.0034299 -0.6290017 0.0296774 0.7768297
248.572975 0.7966012 0.2424937 -0.4243324 0.0029029 -0.6328031 0.0297217 0.7737367
248.711304 0.7791771 0.2425330 -0.4213831 0.0037315 -0.6392579 0.0299839 0.7683986
248.856406 0.7617064 0.2416227 -0.4185001 0.0032416 -0.6424385 0.0298004 0.7657508
249.160375 0.7243857 0.2405709 -0.4116680 0.0033050 -0.6428586 0.0295674 0.7654069
249.302309 0.7078124 0.2408010 -0.4086295 0.0029754 -0.6426235 0.0305298 0.7655678
249.453324 0.6891505 0.2401913 -0.4055184 0.0032852 -0.6435562 0.0308234 0.7647709
250.750829 0.5274781 0.2347899 -0.3951270 0.0058726 -0.6518622 0.0324141 0.7576216
250.885672 0.5108390 0.2341659 -0.3928685 0.0055823 -0.6515884 0.0322537 0.7578661
251.022439 0.4938517 0.2335517 -0.3906672 0.0050546 -0.6514074 0.0322459 0.7580258
251.157741 0.4769685 0.2331962 -0.3881194 0.0055458 -0.6512262 0.0322073 0.7581795
251.576981 0.4441285 0.2310895 -0.4264881 0.0057348 -0.6506416 0.0324609 0.7586691
251.720821 0.4273010 0.2305680 -0.4328462 0.0058604 -0.6490422 0.0325069 0.7600351
251.871549 0.4083688 0.2299747 -0.4318590 0.0058613 -0.6489605 0.0324113 0.7601088
252.014249 0.3907937 0.2290647 -0.4292775 0.0053823 -0.6489001 0.0320922 0.7601776
252.149843 0.3737016 0.2285272 -0.4266303 0.0052778 -0.6474482 0.0325583 0.7613954
252.397199 0.3440774 0.2283865 -0.4227922 0.0054251 -0.6469812 0.0326154 0.7617888
252.518613 0.3295099 0.2281004 -0.4205575 0.0053140 -0.6471776 0.0327011 0.7616191
252.640482 0.3138509 0.2277751 -0.4178745 0.0054431 -0.6463647 0.0331380 0.7622893
252.913638 0.2976458 0.2278584 -0.4151319 0.0060598 -0.6456829 0.0334002 0.7628508
253.363626 0.2551652 0.2265861 -0.4070108 0.0076036 -0.6372925 0.0339811 0.7698349
253.605674 0.2255380 0.2249838 -0.4064485 0.0073963 -0.6314756 0.0340412 0.7746128
253.824003 0.1987920 0.2237253 -0.4114093 0.0056147 -0.6160223 0.0324485 0.7870401
254.022077 0.1748423 0.2231899 -0.4046673 0.0023642 -0.5990345 0.0300885 0.8001543
254.205028 0.1540420 0.2232328 -0.3982546 -0.0029765 -0.5820073 0.0261816 0.8127565
254.369011 0.1446212 0.2231372 -0.3940853 -0.0087289 -0.5634474 0.0226284 0.8257959
254.516181 0.1377990 0.2224149 -0.4099737 -0.0141951 -0.5453381 0.0183130 0.8378958
254.656673 0.1262837 0.2218730 -0.4137088 -0.0208035 -0.5266839 0.0149250 0.8496755
254.998639 0.1033004 0.2217736 -0.3998617 -0.0297460 -0.4911259 0.0107565 0.8705141
255.197080 0.0993984 0.2215394 -0.4050952 -0.0371674 -0.4659307 0.0070497 0.8840122
255.364680 0.0878197 0.2204204 -0.4201885 -0.0468482 -0.4365886 0.0037163 0.8984330
255.534226 0.0749820 0.2197312 -0.4354109 -0.0525208 -0.4095739 0.0023367 0.9107609
255.699470 0.0617499 0.2185918 -0.4490350 -0.0595769 -0.3720641 0.0016087 0.9262918
255.807851 0.0522348 0.2179929 -0.4574399 -0.0595402 -0.3649535 0.0018263 0.9291182
256.066647 0.0478310 0.2180633 -0.4530231 -0.0594286 -0.3646604 0.0019460 0.9292402
256.168237 0.0396518 0.2177814 -0.4438502 -0.0614319 -0.3551304 0.0016603 0.9327947
256.759847 0.0000596 0.2186962 -0.4003091 -0.0793260 -0.2394484 0.0023377 0.9676602
256.859810 -0.0110839 0.2180931 -0.4049727 -0.0780558 -0.2232364 0.0041153 0.9716254
256.948729 -0.0204383 0.2176808 -0.4092122 -0.0757533 -0.2023893 0.0053124 0.9763564
257.229517 -0.0185635 0.2178637 -0.4078259 -0.0573714 -0.1553183 0.0109647 0.9861361
257.926234 -0.0166815 0.2180001 -0.4062868 -0.0375533 -0.1064137 0.0143960 0.9935083
258.230642 -0.0160809 0.2180254 -0.4058671 -0.0051213 -0.0841160 0.0177730 0.9962843
258.471215 -0.0169733 0.2183103 -0.4008845 0.0062169 -0.0845891 0.0187057 0.9962209
258.597491 -0.0193174 0.2187050 -0.3853946 0.0040973 -0.0833323 0.0183543 0.9963443
258.729160 -0.0214890 0.2191626 -0.3692098 -0.0087669 -0.0705602 0.0170298 0.9973236
258.910732 -0.0210744 0.2192141 -0.3689163 -0.0294108 -0.0605189 0.0154752 0.9976137
259.001019 -0.0216622 0.2194608 -0.3634580 -0.0380860 -0.0589601 0.0148149 0.9974235
259.093843 -0.0228181 0.2196884 -0.3521419 -0.0475836 -0.0590298 0.0142550 0.9970196
259.194901 -0.0241777 0.2199163 -0.3397357 -0.0577093 -0.0592261 0.0134992 0.9964837
259.513353 -0.0247918 0.2200973 -0.3332585 -0.0759517 -0.0580359 0.0125017 0.9953426
259.622505 -0.0261735 0.2209808 -0.3195779 -0.0807539 -0.0583381 0.0126317 0.9949452
259.738030 -0.0285936 0.2210533 -0.3069060 -0.0849936 -0.0573484 0.0112457 0.9946662
259.852399 -0.0288589 0.2221522 -0.2911829 -0.0893122 -0.0594292 0.0129880 0.9941443
261.042292 -0.0318826 0.2235845 -0.2519403 -0.0821094 -0.2601625 0.0016251 0.9620659
261.182400 -0.0262069 0.2232036 -0.2455080 -0.0815000 -0.2945639 -0.0013737 0.9521492
261.754114 -0.0282938 0.2235727 -0.2366342 -0.0687885 -0.4405269 -0.0070264 0.8950725
261.921237 -0.0284863 0.2235931 -0.2370428 -0.0655287 -0.4728807 -0.0079243 0.8786507
262.086170 -0.0281879 0.2235833 -0.2371558 -0.0626502 -0.4863778 -0.0073034 0.8714690
262.202017 -0.0282829 0.2235841 -0.2370301 -0.0570425 -0.4840655 -0.0038499 0.8731620
262.431885 -0.0475792 0.2235493 -0.2255915 -0.0516690 -0.4527373 0.0002483 0.8901456
262.543319 -0.0576854 0.2239837 -0.2155168 -0.0525544 -0.4242655 0.0013769 0.9040105
262.998574 -0.0388141 0.2247590 -0.1850921 -0.0705062 -0.2897833 0.0026062 0.9544882
263.171999 -0.0373765 0.2245398 -0.1840084 -0.0759591 -0.2416231 0.0030214 0.9673880
263.840448 -0.0480919 0.2253888 -0.1500265 -0.0802682 -0.1686239 0.0067888 0.9823833
264.016516 -0.0547542 0.2257784 -0.1287382 -0.0807062 -0.1586655 0.0067924 0.9840049
264.314159 -0.0658939 0.2267097 -0.0942674 -0.0807993 -0.1599503 0.0080890 0.9837794
264.466808 -0.0726735 0.2273167 -0.0758866 -0.0807291 -0.1602861 0.0069906 0.9837390
264.612075 -0.0785147 0.2277328 -0.0587731 -0.0805783 -0.1604958 0.0067386 0.9837189
264.811933 -0.0841323 0.2289979 -0.0411685 -0.0761166 -0.1613598 0.0074675 0.9839276
265.253295 -0.0772804 0.2275829 -0.0595295 -0.0476495 -0.1286401 0.0128671 0.9904624
265.442122 -0.0707394 0.2268987 -0.0817567 -0.0452003 -0.1192169 0.0138987 0.9917415
265.639257 -0.0645074 0.2262179 -0.1056760 -0.0449399 -0.1138523 0.0149926 0.9923676
265.793911 -0.0602415 0.2257069 -0.1237546 -0.0398718 -0.0967688 0.0148596 0.9943969
265.934150 -0.0564061 0.2257467 -0.1405950 -0.0289904 -0.0807782 0.0157709 0.9961856
266.107604 -0.0530882 0.2250570 -0.1610552 -0.0233382 -0.0654000 0.0154772 0.9974661
266.677577 -0.0444417 0.2221256 -0.2306858 -0.0302049 -0.0346202 0.0153644 0.9988258
266.855011 -0.0426034 0.2215452 -0.2525445 -0.0186914 -0.0341034 0.0159551 0.9991161
267.042838 -0.0428071 0.2211595 -0.2776496 -0.0138758 -0.0318379 0.0156638 0.9992740
267.252825 -0.0404509 0.2208402 -0.3019707 -0.0139812 -0.0326695 0.0161698 0.9992376
267.462220 -0.0392547 0.2200953 -0.3279525 -0.0229136 -0.0277021 0.0151026 0.9992394
267.661175 -0.0381433 0.2192668 -0.3523009 -0.0247940 -0.0275405 0.0151230 0.9991987
