269.201592 0.0000000 0.0000000 0.0000000 -0.0000000 -0.0000000 -0.0000000 1.0000000
269.604158 -0.0142863 0.0007887 0.0013875 0.0007674 -0.0023094 0.0002215 0.9999970
269.648930 -0.0133848 0.0011138 0.0000987 0.0010743 -0.0074828 -0.0006127 0.9999713
270.006887 -0.0662092 -0.0046951 0.0188681 0.0005784 -0.0445499 0.0099175 0.9989578
270.155756 -0.0654591 -0.0044370 0.0192362 0.0004109 -0.0778365 0.0102526 0.9969134
270.199920 -0.0656614 -0.0044749 0.0192579 0.0002466 -0.0872973 0.0091789 0.9961400
270.248060 -0.0655952 -0.0046692 0.0187173 -0.0001314 -0.0942670 0.0088612 0.9955075
270.628693 -0.0579850 -0.0047093 -0.0193175 -0.0077612 -0.1577314 0.0032753 0.9874461
270.738945 -0.0422709 -0.0045146 -0.0140372 -0.0078139 -0.1791416 0.0011982 0.9837915
270.861012 -0.0254331 -0.0047463 -0.0082572 -0.0079933 -0.2003878 -0.0006564 0.9796839
270.979285 -0.0171972 -0.0048815 -0.0049637 -0.0073226 -0.2178355 -0.0021329 0.9759557
271.453067 -0.0091492 -0.0039721 -0.0013533 -0.0059770 -0.2190152 -0.0013146 0.9757023
271.511315 -0.0005589 -0.0043676 0.0029920 -0.0059087 -0.2256544 -0.0021546 0.9741871
271.571429 0.0072931 -0.0051470 0.0054979 -0.0065199 -0.2339553 -0.0025105 0.9722223
271.629860 0.0156563 -0.0045641 0.0106444 -0.0051446 -0.2381582 -0.0032654 0.9712073
271.691504 0.0239667 -0.0049989 0.0146255 -0.0040616 -0.2448665 -0.0028916 0.9695440
271.813895 0.0235879 -0.0051033 0.0142964 -0.0030006 -0.2523068 -0.0029065 0.9676383
271.876522 0.0184156 -0.0055674 0.0218534 -0.0014964 -0.2562933 -0.0032458 0.9665925
272.262784 -0.0128391 -0.0067998 0.0701602 0.0061051 -0.2866961 -0.0043085 0.9579924
272.494456 -0.0134011 -0.0064942 0.0690967 0.0077276 -0.3041329 -0.0050912 0.9525847
272.623800 -0.0198299 -0.0070425 0.0756596 0.0096091 -0.3193576 -0.0058301 0.9475677
272.690595 -0.0265489 -0.0074447 0.0835859 0.0119656 -0.3320887 -0.0061750 0.9431521
272.759023 -0.0337708 -0.0087672 0.0910702 0.0114677 -0.3455554 -0.0062994 0.9383072
272.827080 -0.0409601 -0.0095095 0.0976292 0.0116321 -0.3607587 -0.0070019 0.9325604
272.905075 -0.0496746 -0.0098837 0.1057897 0.0124461 -0.3704795 -0.0083318 0.9287199
272.981305 -0.0617687 -0.0106199 0.1078321 0.0121958 -0.3813287 -0.0088015 0.9243172
274.330509 -0.1610171 -0.0156385 0.1555582 0.0193398 -0.4344927 -0.0090505 0.9004223
274.848350 -0.2231881 -0.0205869 0.2010713 0.0240707 -0.4608263 -0.0080317 0.8871275
275.119229 -0.2567212 -0.0227192 0.2212432 0.0371550 -0.4811220 -0.0017017 0.8758644
275.363153 -0.2869425 -0.0244369 0.2405939 0.0414731 -0.4895383 0.0004360 0.8709949
275.610471 -0.3191185 -0.0268098 0.2582666 0.0431432 -0.4992528 0.0012917 0.8653806
275.730948 -0.3346866 -0.0274867 0.2667912 0.0405941 -0.5046070 -0.0001686 0.8623943
275.857195 -0.3513902 -0.0287110 0.2759589 0.0401314 -0.5044932 0.0000458 0.8624825
275.978936 -0.3670697 -0.0298439 0.2852460 0.0402338 -0.5048378 -0.0003369 0.8622760
276.215841 -0.3977726 -0.0313390 0.3018784 0.0398949 -0.5022879 0.0001056 0.8637796
276.335836 -0.4135083 -0.0327987 0.3108071 0.0399366 -0.4982988 0.0010223 0.8660845
276.452844 -0.4282625 -0.0329939 0.3193092 0.0415251 -0.4971540 0.0009563 0.8666676
276.567879 -0.4432184 -0.0338872 0.3281819 0.0443719 -0.4944812 0.0024165 0.8680516
276.683766 -0.4578827 -0.0343526 0.3359289 0.0489505 -0.4918775 0.0058227 0.8692678
276.809725 -0.4739326 -0.0353640 0.3455665 0.0490571 -0.4920363 0.0060057 0.8691707
276.923174 -0.4882241 -0.0359936 0.3536097 0.0490149 -0.4917156 0.0062005 0.8693531
277.049799 -0.5042671 -0.0372523 0.3629646 0.0487007 -0.4916352 0.0063580 0.8694152
277.176187 -0.5202757 -0.0378718 0.3723337 0.0492235 -0.4917184 0.0066051 0.8693368
277.533455 -0.5653172 -0.0405130 0.3993608 0.0497552 -0.4929782 0.0066817 0.8685922
277.655130 -0.5809253 -0.0423957 0.4088822 0.0491367 -0.4930684 0.0061142 0.8685803
277.772678 -0.5959401 -0.0428748 0.4176865 0.0492991 -0.4929410 0.0067152 0.8686390
277.878291 -0.6087800 -0.0433829 0.4247867 0.0494000 -0.4928144 0.0066935 0.8687053
277.982408 -0.6222001 -0.0445288 0.4326155 0.0491522 -0.4925936 0.0067531 0.8688441
278.090777 -0.6361537 -0.0454221 0.4410140 0.0493298 -0.4930103 0.0068224 0.8685971
278.191910 -0.6489570 -0.0462450 0.4478785 0.0480838 -0.4977329 0.0065623 0.8659717
278.298241 -0.6622989 -0.0469576 0.4550677 0.0478902 -0.5008640 0.0059379 0.8641797
278.405431 -0.6762953 -0.0473671 0.4633865 0.0480444 -0.5010488 0.0061303 0.8640627
278.623718 -0.7037537 -0.0488941 0.4786182 0.0479118 -0.5011416 0.0065523 0.8640131
278.731527 -0.7179341 -0.0497978 0.4863028 0.0473149 -0.5073558 0.0064474 0.8604126
278.834709 -0.7313499 -0.0506268 0.4931296 0.0472633 -0.5128101 0.0060424 0.8571789
279.063473 -0.7611271 -0.0527511 0.5082047 0.0471500 -0.5231895 0.0057156 0.8508918
279.182087 -0.7765085 -0.0536830 0.5159031 0.0470855 -0.5231581 0.0058585 0.8509138
279.294526 -0.7913710 -0.0548664 0.5228751 0.0464319 -0.5273290 0.0054038 0.8483743
280.352777 -0.8971717 -0.0623710 0.5726473 0.0454645 -0.6043144 0.0018597 0.7954456
280.467259 -0.9043053 -0.0632889 0.5862777 0.0449224 -0.6265250 0.0016374 0.7781039
280.678297 -0.8984201 -0.0653692 0.6140260 0.0452583 -0.6618628 0.0004757 0.7482574
280.875009 -0.8952289 -0.0673010 0.6399564 0.0464765 -0.6983157 0.0003703 0.7142794
281.074432 -0.8969333 -0.0686862 0.6602681 0.0459733 -0.7215713 0.0001495 0.6908121
281.660548 -0.9520780 -0.0710796 0.6767313 0.0442285 -0.7555637 -0.0001442 0.6535804
282.131351 -0.9639617 -0.0718035 0.6907228 0.0408910 -0.8228627 -0.0007073 0.5667666
282.271388 -0.9627540 -0.0712022 0.6894920 0.0402921 -0.8419747 -0.0006221 0.5380101
282.507805 -0.9685367 -0.0717598 0.6926774 0.0398386 -0.8500375 -0.0010095 0.5252125
282.621427 -0.9827539 -0.0737498 0.7001448 0.0400002 -0.8497098 -0.0028065 0.5257237
282.735249 -0.9976361 -0.0742228 0.7071495 0.0398485 -0.8495893 -0.0019580 0.5259337
282.853731 -1.0136435 -0.0749420 0.7136986 0.0398101 -0.8522260 -0.0014419 0.5216550
283.108216 -1.0465542 -0.0772146 0.7213235 0.0373780 -0.8826661 -0.0039238 0.4684957
283.644115 -1.1035335 -0.0815791 0.7631527 0.0176970 -0.9215794 -0.0433527 0.3853555
284.269597 -1.1408383 -0.0799381 0.7204586 0.0150637 -0.9303392 -0.0513697 0.3627715
284.384390 -1.1518105 -0.0794374 0.7078477 0.0121924 -0.9319470 -0.0583303 0.3576643
284.440818 -1.1570358 -0.0790387 0.7015215 0.0105170 -0.9340366 -0.0627501 0.3514649
284.557681 -1.1675206 -0.0784075 0.6886296 0.0076632 -0.9368954 -0.0711523 0.3422073
284.616681 -1.1729445 -0.0781942 0.6817909 0.0068441 -0.9379607 -0.0748875 0.3384890
284.735717 -1.1834795 -0.0777533 0.6684276 0.0043840 -0.9399660 -0.0819715 0.3312482
284.917408 -1.1983715 -0.0767446 0.6471786 0.0015946 -0.9465488 -0.0934224 0.3087315
285.174912 -1.2120613 -0.0754306 0.6239603 0.0034452 -0.9595754 -0.0961199 0.2645076
285.728484 -1.2104173 -0.0753184 0.6235310 0.0048455 -0.9670397 -0.0956022 0.2359470
285.849331 -1.2175478 -0.0756734 0.6272919 0.0042721 -0.9692525 -0.1013310 0.2241953
285.972497 -1.2324833 -0.0768230 0.6350202 0.0046504 -0.9729232 -0.1053323 0.2056793
286.099802 -1.2481542 -0.0771191 0.6339581 0.0051093 -0.9757324 -0.1070107 0.1909686
286.377532 -1.2547820 -0.0760491 0.6154038 0.0045422 -0.9791948 -0.1161967 0.1662990
286.528589 -1.2531800 -0.0760501 0.6154920 0.0050976 -0.9828091 -0.1208202 0.1395087
286.776741 -1.2541736 -0.0750297 0.6045789 0.0076420 -0.9872272 -0.1171541 0.1076989
286.852936 -1.2563777 -0.0739876 0.5936512 0.0080182 -0.9876958 -0.1141019 0.1066468
287.713783 -1.2590189 -0.0726999 0.5615973 -0.0131798 0.9979912 0.0618963 0.0029541
287.842477 -1.2586584 -0.0726359 0.5615534 -0.0128616 0.9980454 0.0606290 0.0080013
288.033206 -1.2582455 -0.0727095 0.5615762 -0.0128572 0.9980241 0.0587442 0.0182114
288.223168 -1.2580830 -0.0719076 0.5532250 -0.0129676 0.9980839 0.0577074 0.0181712
288.346031 -1.2578598 -0.0705646 0.5353833 -0.0122011 0.9983608 0.0554894 0.0069152
288.600403 -1.2605251 -0.0692516 0.4987370 0.0126275 -0.9982167 -0.0536972 0.0228168
288.744380 -1.2627457 -0.0677313 0.4781834 0.0133092 -0.9975958 -0.0528030 0.0428654
288.988659 -1.2699689 -0.0657885 0.4440038 0.0137348 -0.9964627 -0.0510391 0.0653334
289.112928 -1.2810526 -0.0656467 0.4384501 0.0136447 -0.9962848 -0.0462605 0.0713465
289.346797 -1.3063627 -0.0661913 0.4221402 0.0147713 -0.9961795 -0.0395864 0.0764274
289.464038 -1.3133720 -0.0648635 0.4077518 0.0147689 -0.9962319 -0.0389124 0.0760914
289.582793 -1.3165095 -0.0639151 0.3911966 0.0148121 -0.9962571 -0.0390397 0.0756859
289.695230 -1.3202126 -0.0621963 0.3750136 0.0149687 -0.9964166 -0.0382326 0.0739470
289.805377 -1.3232260 -0.0621098 0.3603119 0.0152990 -0.9958063 -0.0327363 0.0840479
289.919738 -1.3266313 -0.0616464 0.3434609 0.0172912 -0.9942421 -0.0215646 0.1035310
290.482244 -1.3287543 -0.0609759 0.3470376 0.0269830 -0.9851661 0.0207648 0.1681919
290.566475 -1.3206710 -0.0607373 0.3559688 0.0274137 -0.9830176 0.0211520 0.1802149
290.653573 -1.3194264 -0.0627407 0.3676363 0.0279723 -0.9830102 0.0199561 0.1803063
290.980930 -1.3052106 -0.0642613 0.4001018 0.0266855 -0.9813306 0.0094412 0.1902344
291.269003 -1.2890109 -0.0653155 0.4375800 0.0220203 -0.9799690 -0.0151790 0.1973458
291.417237 -1.2819593 -0.0666533 0.4571152 0.0213824 -0.9801678 -0.0165780 0.1963137
291.739487 -1.2706919 -0.0689123 0.5016166 0.0222152 -0.9797022 -0.0162038 0.1985640
291.904081 -1.2604198 -0.0694023 0.5082230 0.0210713 -0.9794455 -0.0203714 0.1995687
292.027739 -1.2520535 -0.0703159 0.5243419 0.0207463 -0.9790595 -0.0216594 0.2013528
292.223070 -1.2407812 -0.0713769 0.5499604 0.0208156 -0.9786110 -0.0250380 0.2031265
292.493673 -1.2336279 -0.0731691 0.5869616 0.0208929 -0.9787480 -0.0244288 0.2025316
292.690978 -1.2224909 -0.0749046 0.6125734 0.0207857 -0.9784861 -0.0252359 0.2037059
292.876298 -1.2116041 -0.0764519 0.6376260 0.0209605 -0.9782084 -0.0234089 0.2052345
293.046891 -1.2014349 -0.0776987 0.6602413 0.0209914 -0.9781729 -0.0234383 0.2053969
293.268264 -1.1888254 -0.0791303 0.6893389 0.0214788 -0.9776652 -0.0229734 0.2078016
293.480263 -1.1771483 -0.0807188 0.7172798 0.0229531 -0.9720230 -0.0196020 0.2329382
293.700160 -1.1555005 -0.0815737 0.7378846 0.0235237 -0.9593049 -0.0244315 0.2803282
293.863935 -1.1387633 -0.0821409 0.7530382 0.0215206 -0.9482768 -0.0323900 0.3150539
294.023377 -1.1256727 -0.0832409 0.7716403 0.0215018 -0.9400177 -0.0341282 0.3387325
294.187580 -1.1201340 -0.0829987 0.7721642 0.0215889 -0.9400820 -0.0341517 0.3385463
294.354702 -1.1165036 -0.0824293 0.7701250 0.0207560 -0.9355720 -0.0358993 0.3506928
294.519340 -1.1171600 -0.0825549 0.7703024 0.0189824 -0.9195625 -0.0408316 0.3903552
295.086410 -1.0913875 -0.0786027 0.7279939 0.0113922 -0.8600315 -0.0500644 0.5076510
295.292253 -1.0797192 -0.0772331 0.7034616 0.0066310 -0.8277069 -0.0537537 0.5585408
295.464261 -1.0716661 -0.0751333 0.6817951 0.0040294 -0.8083588 -0.0541060 0.5861845
296.231030 -1.0652821 -0.0719730 0.6379291 -0.0122896 -0.7229018 -0.0610637 0.6881375
296.420469 -1.0650778 -0.0711258 0.6261308 -0.0151664 -0.6929588 -0.0592392 0.7183793
296.635479 -1.0653441 -0.0712334 0.6273946 -0.0173482 -0.6737326 -0.0574627 0.7365335
296.857171 -1.0975769 -0.0727151 0.6317500 -0.0173749 -0.6527042 -0.0550911 0.7554074
297.668145 -1.1291535 -0.0740700 0.6392205 -0.0176857 -0.6189159 -0.0497480 0.7836808
297.875396 -1.1222064 -0.0754977 0.6687424 -0.0153569 -0.6076850 -0.0463530 0.7926755
298.078651 -1.1143872 -0.0770801 0.6977931 -0.0120411 -0.5959928 -0.0425828 0.8017695
299.042449 -1.1595708 -0.0788300 0.7008367 -0.0025180 -0.5671716 -0.0319414 0.8229762
299.464863 -1.2155449 -0.0816162 0.7238736 0.0008478 -0.5523245 -0.0277919 0.8331653
299.641647 -1.2388357 -0.0830241 0.7340006 0.0019383 -0.5459586 -0.0258283 0.8374116
299.816966 -1.2620388 -0.0841723 0.7452502 0.0032297 -0.5344824 -0.0241694 0.8448278
300.044430 -1.2917595 -0.0852060 0.7600740 0.0048464 -0.5282270 -0.0225895 0.8487887
300.239651 -1.3162217 -0.0861620 0.7710949 0.0048561 -0.5278397 -0.0220907 0.8490428
300.410492 -1.3382267 -0.0873041 0.7813323 0.0058017 -0.5273229 -0.0218668 0.8493637
300.596526 -1.3620651 -0.0889828 0.7939499 0.0066339 -0.5187713 -0.0204107 0.8546436
300.775380 -1.3848139 -0.0900996 0.8059039 0.0087350 -0.5118938 -0.0187427 0.8587998
300.966118 -1.4095042 -0.0916587 0.8197208 0.0096295 -0.5068437 -0.0178395 0.8617995
301.146761 -1.4319495 -0.0930204 0.8319277 0.0107833 -0.5033540 -0.0174026 0.8638378
301.403510 -1.4640815 -0.0954403 0.8502095 0.0107242 -0.5026891 -0.0169819 0.8642340
301.622125 -1.4910830 -0.0968161 0.8655595 0.0112233 -0.5027059 -0.0167306 0.8642227
301.787067 -1.5115846 -0.0980332 0.8769336 0.0112590 -0.5026149 -0.0166697 0.8642765
302.015638 -1.5394171 -0.1006781 0.8933396 0.0116606 -0.5005350 -0.0165149 0.8654802
302.224948 -1.5651124 -0.1021385 0.9077045 0.0118975 -0.4990920 -0.0161150 0.8663175
302.521476 -1.6003501 -0.1045961 0.9287409 0.0120905 -0.4977366 -0.0161862 0.8670929
302.808067 -1.6363348 -0.1064557 0.9489251 0.0132629 -0.4957613 -0.0155641 0.8682181
303.018026 -1.6607680 -0.1079622 0.9634869 0.0135023 -0.4955642 -0.0157265 0.8683240
303.236635 -1.6878331 -0.1100131 0.9789684 0.0130393 -0.4955441 -0.0158916 0.8683395
303.439338 -1.7119999 -0.1111078 0.9929897 0.0135386 -0.4953419 -0.0159610 0.8684460
304.053953 -1.7873544 -0.1163367 1.0370114 0.0285807 -0.4972481 -0.0072472 0.8671072
304.244459 -1.8112069 -0.1172314 1.0501964 0.0319023 -0.4976864 -0.0052057 0.8667545
304.435019 -1.8339448 -0.1188636 1.0635426 0.0390192 -0.4982806 -0.0006993 0.8661371
304.628310 -1.8575467 -0.1204093 1.0766395 0.0427840 -0.4971017 0.0019287 0.8666347
304.824774 -1.8809794 -0.1220820 1.0902854 0.0434325 -0.4951930 0.0020740 0.8676942
305.021712 -1.9052374 -0.1235730 1.1042882 0.0445096 -0.4936593 0.0034313 0.8685089
305.215112 -1.9285113 -0.1246770 1.1173317 0.0503120 -0.4923855 0.0067863 0.8688954
305.384436 -1.9488984 -0.1258632 1.1295363 0.0512014 -0.4917445 0.0071727 0.8692033
305.511123 -1.9664766 -0.1267938 1.1355437 0.0497612 -0.4840169 0.0063734 0.8736194
305.697137 -1.9926850 -0.1282032 1.1384991 0.0475040 -0.4700506 0.0053252 0.8813441
305.868705 -2.0142956 -0.1293907 1.1498008 0.0467113 -0.4632279 0.0047492 0.8849947
306.033258 -2.0331783 -0.1301892 1.1620528 0.0456434 -0.4611628 0.0047157 0.8861283
306.370965 -2.0714412 -0.1324508 1.1885030 0.0425538 -0.4532796 0.0032181 0.8903463
306.547350 -2.0923131 -0.1338032 1.2039331 0.0384725 -0.4288214 0.0017408 0.9025680
306.713384 -2.1149120 -0.1353391 1.2103552 0.0355588 -0.4090963 0.0005384 0.9117980
306.867398 -2.1343684 -0.1362421 1.2199459 0.0310342 -0.3883948 -0.0008139 0.9209700
307.760871 -2.2164617 -0.1411825 1.2604252 0.0124321 -0.3022516 -0.0031158 0.9531420
307.866893 -2.2300336 -0.1416917 1.2665777 0.0087958 -0.2862149 -0.0038779 0.9581172
308.076274 -2.2498653 -0.1436398 1.2878451 -0.0000985 -0.2511584 -0.0033892 0.9679401
309.586722 -2.3199587 -0.1444905 1.2726851 -0.0512216 -0.0190230 0.0108620 0.9984471
310.419577 -2.3364420 -0.1462597 1.2938643 -0.0652695 0.0413973 0.0189505 0.9968285
310.525701 -2.3342018 -0.1469240 1.3087945 -0.0658701 0.0577663 0.0198975 0.9959559
310.722377 -2.3297639 -0.1486728 1.3368218 -0.0570133 0.0734671 0.0219172 0.9954254
310.832125 -2.3269858 -0.1494521 1.3523356 -0.0544117 0.0753129 0.0225042 0.9954200
311.106598 -2.3258007 -0.1500769 1.3600291 -0.0381356 0.0766165 0.0207337 0.9961153
311.332993 -2.3205876 -0.1520269 1.3918012 -0.0384250 0.0741726 0.0202328 0.9962994
311.453630 -2.3177168 -0.1528666 1.4092567 -0.0446225 0.0624807 0.0200006 0.9968475
311.569764 -2.3157983 -0.1539864 1.4253716 -0.0467509 0.0540523 0.0195837 0.9972508
311.687842 -2.3146477 -0.1542612 1.4417694 -0.0470987 0.0463634 0.0188540 0.9976355
311.745798 -2.3143077 -0.1547205 1.4497662 -0.0478153 0.0403088 0.0182975 0.9978748
312.845371 -2.3014181 -0.1573673 1.4984221 -0.0344755 -0.1855871 -0.0060796 0.9820040
313.192195 -2.2877674 -0.1571586 1.5027034 -0.0326947 -0.2401706 -0.0119180 0.9701068
313.316541 -2.2885263 -0.1568522 1.5020651 -0.0317892 -0.2595683 -0.0139776 0.9651002
313.549610 -2.2894926 -0.1572001 1.5014194 -0.0317601 -0.2570516 -0.0146185 0.9657650
313.667025 -2.2805564 -0.1573644 1.5065606 -0.0309966 -0.2362437 -0.0115833 0.9711303
313.841029 -2.2794080 -0.1574449 1.5076244 -0.0302890 -0.2026763 -0.0074767 0.9787487
313.961826 -2.2775354 -0.1579929 1.5084788 -0.0299198 -0.1728677 -0.0041379 0.9844819
314.552972 -2.2803621 -0.1630088 1.5787495 -0.0310029 -0.0124220 0.0131707 0.9993553
314.808227 -2.2773025 -0.1657210 1.6159782 -0.0400833 0.0496381 0.0191845 0.9977782
314.934670 -2.2727854 -0.1670955 1.6335338 -0.0413912 0.0878982 0.0240246 0.9949791
315.053198 -2.2689631 -0.1687554 1.6415086 -0.0441213 0.1199750 0.0277268 0.9914084
315.229816 -2.2675667 -0.1679622 1.6416453 -0.0478423 0.1568712 0.0326087 0.9859205
316.037256 -2.2658432 -0.1681421 1.6434467 -0.0401888 0.2002259 0.0345264 0.9783161
316.490008 -2.2860868 -0.1647707 1.5959735 -0.0024034 0.1855647 0.0265578 0.9822702
316.793167 -2.2936947 -0.1623450 1.5556047 0.0019942 0.1660739 0.0246787 0.9858025
317.100385 -2.2879553 -0.1616981 1.5528955 -0.0001288 0.1614831 0.0240012 0.9865836
317.259428 -2.2666485 -0.1605192 1.5452741 -0.0003221 0.1608367 0.0238293 0.9866933
317.412885 -2.2499633 -0.1590471 1.5398986 0.0002979 0.1607762 0.0236016 0.9867086
317.532237 -2.2527831 -0.1592562 1.5322727 -0.0007520 0.1610151 0.0247037 0.9866425
317.655232 -2.2600348 -0.1575255 1.5162262 0.0078309 0.1515371 0.0215644 0.9881853
317.772149 -2.2643890 -0.1565425 1.5012344 0.0077434 0.1500687 0.0226244 0.9883863
317.907919 -2.2715876 -0.1554588 1.4827662 0.0079961 0.1502158 0.0230423 0.9883524
318.082055 -2.2811689 -0.1554371 1.4595530 0.0066965 0.1513469 0.0222640 0.9882073
318.299936 -2.2918162 -0.1538309 1.4293734 0.0068952 0.1496227 0.0205338 0.9885059
318.444801 -2.2975881 -0.1527465 1.4103428 0.0056196 0.1452517 0.0207825 0.9891605
318.583322 -2.3034377 -0.1516545 1.3914713 0.0055491 0.1453402 0.0211510 0.9891401
318.952624 -2.3187265 -0.1488154 1.3411068 0.0006430 0.1369582 0.0215700 0.9903418
319.128800 -2.3259821 -0.1472851 1.3168576 -0.0011955 0.1298824 0.0205226 0.9913163
319.306163 -2.3329930 -0.1459232 1.2926118 -0.0042413 0.1150474 0.0203215 0.9931431
319.467212 -2.3404863 -0.1444865 1.2700788 -0.0074000 0.0791283 0.0190667 0.9966546
319.598424 -2.3492684 -0.1440419 1.2528158 -0.0116339 0.0551527 0.0176374 0.9982544
319.877816 -2.3375504 -0.1410471 1.2170544 -0.0133369 -0.0122987 0.0120821 0.9997624
320.031632 -2.3382180 -0.1407571 1.2097169 -0.0143789 -0.0231217 0.0113415 0.9995649
320.423066 -2.3380866 -0.1407183 1.2096341 -0.0148199 -0.0282026 0.0110895 0.9994309
320.618705 -2.3184843 -0.1403390 1.2108678 -0.0145578 -0.0528187 0.0088162 0.9984591
321.078144 -2.2571845 -0.1397324 1.2209595 -0.0081942 -0.1182387 0.0052130 0.9929377
321.268239 -2.2317677 -0.1394290 1.2273437 -0.0080401 -0.1345085 0.0033690 0.9908741
321.455973 -2.2276018 -0.1393909 1.2273203 -0.0063130 -0.1824237 0.0000444 0.9831998
323.067225 -2.2749169 -0.1424528 1.2653241 0.0086075 -0.3861150 -0.0107211 0.9223483
323.456533 -2.3169539 -0.1461678 1.2992628 0.0131739 -0.4318741 -0.0118936 0.9017593
323.660089 -2.3393960 -0.1479327 1.3171393 0.0133238 -0.4318461 -0.0116074 0.9017742
323.862419 -2.3614354 -0.1498282 1.3344638 0.0131939 -0.4316501 -0.0120268 0.9018645
324.067896 -2.3837788 -0.1512586 1.3516780 0.0157727 -0.4468243 -0.0114031 0.8944101
324.885983 -2.4774680 -0.1581340 1.4207610 0.0185395 -0.4509960 -0.0104696 0.8922719
325.032771 -2.4941592 -0.1591925 1.4324123 0.0185257 -0.4505146 -0.0102642 0.8925179
325.316489 -2.5256488 -0.1608716 1.4549131 0.0187193 -0.4501335 -0.0098893 0.8927103
325.471125 -2.5429223 -0.1623855 1.4678760 0.0187797 -0.4505038 -0.0103573 0.8925169
325.607348 -2.5585296 -0.1633232 1.4791356 0.0192190 -0.4501374 -0.0106739 0.8926887
325.886801 -2.5932672 -0.1657025 1.4941531 0.0197499 -0.4540672 -0.0095850 0.8906969
326.021794 -2.6121793 -0.1663648 1.4933460 0.0217456 -0.4594060 -0.0088605 0.8879160
326.119575 -2.6259120 -0.1662435 1.4913832 0.0237192 -0.4611456 -0.0082877 0.8869687
326.268617 -2.6470966 -0.1673555 1.4916248 0.0265580 -0.4687540 -0.0074672 0.8828979
326.407469 -2.6653771 -0.1683249 1.4977481 0.0288601 -0.4739200 -0.0070461 0.8800666
326.551234 -2.6824384 -0.1693792 1.5078336 0.0324376 -0.4815381 -0.0055770 0.8758069
326.694626 -2.6992815 -0.1701565 1.5171803 0.0364197 -0.4886805 -0.0032609 0.8716962
326.966245 -2.7313001 -0.1715095 1.5350772 0.0385822 -0.4922201 -0.0025215 0.8696117
327.724227 -2.8218868 -0.1760121 1.5868572 0.0414464 -0.5071103 -0.0007894 0.8608838
327.849901 -2.8371801 -0.1776778 1.5949333 0.0409074 -0.5074663 -0.0004904 0.8606998
328.015321 -2.8570356 -0.1783197 1.6055168 0.0414988 -0.5069990 -0.0005748 0.8609469
328.190316 -2.8785584 -0.1798567 1.6167332 0.0407576 -0.5065284 -0.0004069 0.8612593
328.315505 -2.8937762 -0.1805665 1.6257336 0.0413142 -0.5069205 -0.0004429 0.8610021
328.444976 -2.9102135 -0.1811400 1.6350056 0.0418460 -0.5070061 -0.0004362 0.8609260
328.578601 -2.9267733 -0.1825801 1.6431088 0.0432249 -0.5072905 0.0009650 0.8606899
328.708882 -2.9428687 -0.1836283 1.6523025 0.0436553 -0.5080138 0.0011485 0.8602412
328.840978 -2.9588618 -0.1842854 1.6609328 0.0442705 -0.5078313 0.0007971 0.8603179
329.006389 -2.9792862 -0.1856898 1.6722262 0.0439826 -0.5079295 0.0011650 0.8602743
329.183979 -3.0011845 -0.1871028 1.6838485 0.0438115 -0.5074410 0.0012003 0.8605711
329.354124 -3.0222113 -0.1887735 1.6962340 0.0437995 -0.5082308 0.0008625 0.8601060
329.528806 -3.0440912 -0.1902370 1.7081138 0.0433746 -0.5097964 0.0007671 0.8592006
329.791630 -3.0775938 -0.1930519 1.7250409 0.0431773 -0.5090415 0.0000994 0.8596583
329.922558 -3.0938182 -0.1957383 1.7328385 0.0434367 -0.5165133 -0.0000380 0.8551767
330.055126 -3.1097910 -0.1964471 1.7420400 0.0437072 -0.5173130 0.0005003 0.8546793
330.142483 -3.1206372 -0.1969793 1.7468618 0.0473627 -0.5217050 0.0021366 0.8518075
330.230853 -3.1321046 -0.1976631 1.7522826 0.0501084 -0.5255970 0.0038681 0.8492479
330.362558 -3.1490524 -0.1997218 1.7590942 0.0526263 -0.5279430 0.0043671 0.8476365
330.493626 -3.1659234 -0.2005350 1.7686160 0.0526201 -0.5288080 0.0048128 0.8470951
330.579966 -3.1762338 -0.2017835 1.7730095 0.0518889 -0.5313563 0.0039049 0.8455489
330.717237 -3.1935554 -0.2019680 1.7822580 0.0522809 -0.5370716 0.0035585 0.8419074
330.859673 -3.2117691 -0.2018118 1.7911489 0.0528081 -0.5373808 0.0047564 0.8416713
331.094648 -3.2418344 -0.2042986 1.8046391 0.0526061 -0.5366548 0.0048340 0.8421466
331.222467 -3.2588549 -0.2048377 1.8121130 0.0539485 -0.5351815 0.0058050 0.8429927
331.346929 -3.2745819 -0.2063902 1.8184888 0.0528988 -0.5518280 0.0048717 0.8322642
331.432533 -3.2861810 -0.2066796 1.8224266 0.0525862 -0.5619170 0.0047363 0.8255069
331.602502 -3.3066177 -0.2078208 1.8336003 0.0504492 -0.5836361 0.0035101 0.8104391
331.728803 -3.3180089 -0.2086470 1.8466840 0.0499167 -0.5940943 0.0030003 0.8028395
331.810834 -3.3246861 -0.2099410 1.8553753 0.0489887 -0.6004968 0.0022609 0.7981219
331.898716 -3.3329530 -0.2107804 1.8634040 0.0489063 -0.6116309 0.0017801 0.7896281
333.809566 -3.4462287 -0.2169979 1.9614449 0.0400713 -0.8054655 -0.0008089 0.5912859
333.938359 -3.4509616 -0.2183698 1.9788606 0.0391214 -0.8222049 -0.0015878 0.5678434
334.024312 -3.4557271 -0.2192939 1.9890089 0.0380860 -0.8333971 -0.0016638 0.5513583
334.112270 -3.4640212 -0.2194947 1.9979613 0.0379919 -0.8427582 -0.0015689 0.5369477
334.202841 -3.4755135 -0.2198195 2.0007312 0.0375113 -0.8506502 -0.0018710 0.5243888
334.908292 -3.5450940 -0.2182618 1.9847152 0.0380278 -0.8804688 -0.0029218 0.4725675
335.002087 -3.5526512 -0.2187321 1.9963396 0.0385859 -0.8804664 -0.0027271 0.4725279
335.089213 -3.5590255 -0.2190623 2.0070019 0.0387370 -0.8862549 -0.0026564 0.4615677
335.180737 -3.5657971 -0.2204823 2.0175786 0.0380260 -0.8940837 -0.0033566 0.4462703
335.269594 -3.5757608 -0.2210019 2.0242207 0.0383224 -0.8992739 -0.0034440 0.4356903
335.456786 -3.6017745 -0.2210608 2.0223315 0.0390062 -0.9054993 -0.0026229 0.4225430
336.102748 -3.6696060 -0.2197126 1.9610062 0.0398106 -0.9186525 0.0032356 0.3930423
336.806940 -3.7434666 -0.2175059 1.8884215 0.0438029 -0.9278758 0.0139133 0.3700463
336.854146 -3.7475209 -0.2173413 1.8839238 0.0437074 -0.9284996 0.0138739 0.3684909
336.897464 -3.7515745 -0.2173314 1.8794842 0.0435469 -0.9303698 0.0146872 0.3637308
336.942556 -3.7552717 -0.2167882 1.8746635 0.0438936 -0.9333517 0.0161719 0.3559024
337.862040 -3.8391385 -0.2154943 1.7744858 0.0426579 -0.9405698 0.0190823 0.3363700
337.989613 -3.8493638 -0.2157233 1.7602961 0.0424298 -0.9419937 0.0201791 0.3323259
338.075198 -3.8576078 -0.2144981 1.7508768 0.0431831 -0.9422089 0.0208107 0.3315786
338.609315 -3.8864653 -0.2101349 1.6847750 0.0465601 -0.9471088 0.0316831 0.3159324
338.844660 -3.8975608 -0.2083784 1.6550224 0.0475766 -0.9502586 0.0380168 0.3054505
338.938292 -3.9043834 -0.2080143 1.6447026 0.0474512 -0.9510484 0.0399307 0.3027557
339.035229 -3.9122181 -0.2080051 1.6335311 0.0472295 -0.9511355 0.0401007 0.3024939
339.140248 -3.9214435 -0.2069973 1.6216052 0.0476038 -0.9512434 0.0405129 0.3020407
339.356007 -3.9386938 -0.2058857 1.5966922 0.0499283 -0.9512174 0.0501566 0.3002949
339.556665 -3.9536819 -0.2057192 1.5736990 0.0523650 -0.9535413 0.0607110 0.2903982
339.659029 -3.9606714 -0.2052864 1.5616497 0.0519768 -0.9539012 0.0614585 0.2891259
339.876406 -3.9770246 -0.2043400 1.5367992 0.0510214 -0.9548659 0.0583287 0.2867502
339.983740 -3.9861767 -0.2033887 1.5241572 0.0511181 -0.9549429 0.0589280 0.2863538
340.094288 -3.9945745 -0.2029092 1.5108699 0.0511570 -0.9548020 0.0590401 0.2867934
340.207142 -4.0029898 -0.2024820 1.4981644 0.0505139 -0.9548905 0.0586335 0.2866960
340.326462 -4.0120869 -0.2012654 1.4846300 0.0511955 -0.9548301 0.0590610 0.2866886
340.444685 -4.0203905 -0.2009572 1.4711337 0.0506603 -0.9547490 0.0590292 0.2870600
340.686447 -4.0393295 -0.1994828 1.4428618 0.0511059 -0.9547132 0.0590128 0.2871036
340.815225 -4.0495195 -0.1993182 1.4280452 0.0506725 -0.9550446 0.0581525 0.2862524
340.933879 -4.0586376 -0.1991459 1.4139152 0.0505751 -0.9552541 0.0575348 0.2856951
341.051992 -4.0680456 -0.1988215 1.3999712 0.0494366 -0.9557562 0.0567446 0.2843697
341.165014 -4.0765467 -0.1979825 1.3870713 0.0497313 -0.9557229 0.0569360 0.2843921
341.277412 -4.0846677 -0.1970290 1.3737659 0.0497122 -0.9569408 0.0573105 0.2801940
341.386754 -4.0918398 -0.1968504 1.3612583 0.0489293 -0.9568359 0.0566981 0.2808139
341.533909 -4.1029892 -0.1956054 1.3441089 0.0494625 -0.9568592 0.0568667 0.2806068
341.670206 -4.1123424 -0.1948529 1.3284743 0.0492084 -0.9566699 0.0571873 0.2812311
341.801468 -4.1218166 -0.1944352 1.3129480 0.0481082 -0.9573044 0.0561028 0.2794752
341.927279 -4.1315093 -0.1939762 1.2985744 0.0473338 -0.9584417 0.0541279 0.2760784
342.503938 -4.1742392 -0.1899631 1.2291925 0.0458977 -0.9601453 0.0505784 0.2710281
342.627967 -4.1825752 -0.1892744 1.2146266 0.0449035 -0.9600410 0.0510788 0.2714700
342.741291 -4.1905422 -0.1888744 1.2009687 0.0443101 -0.9604619 0.0499233 0.2702909
342.856966 -4.1986732 -0.1881284 1.1876147 0.0440795 -0.9609062 0.0497445 0.2687781
342.964435 -4.2076035 -0.1881706 1.1740916 0.0438498 -0.9615558 0.0490619 0.2666094
343.183734 -4.2220335 -0.1872546 1.1478126 0.0414224 -0.9639445 0.0460056 0.2588026
343.294722 -4.2288237 -0.1865672 1.1347330 0.0408799 -0.9642160 0.0454537 0.2579734
343.579946 -4.2473006 -0.1849517 1.1006351 0.0393067 -0.9652226 0.0430515 0.2548467
343.704070 -4.2550287 -0.1839756 1.0863512 0.0392647 -0.9657602 0.0417463 0.2530274
343.957808 -4.2737455 -0.1827268 1.0539951 0.0385375 -0.9670745 0.0396855 0.2484086
344.328925 -4.3000255 -0.1798604 1.0074697 0.0380902 -0.9705265 0.0357624 0.2352629
344.443311 -4.3074718 -0.1795894 0.9928939 0.0365618 -0.9728050 0.0343200 0.2261322
344.561595 -4.3147559 -0.1784379 0.9781888 0.0369139 -0.9738669 0.0331179 0.2216392
344.693861 -4.3232536 -0.1780528 0.9603621 0.0358056 -0.9760733 0.0309954 0.2122223
344.900140 -4.3341451 -0.1753009 0.9342294 0.0346196 -0.9804856 0.0305874 0.1910862
345.029141 -4.3406277 -0.1758175 0.9175972 0.0316676 -0.9842737 0.0311137 0.1709807
345.293908 -4.3658409 -0.1780532 0.8915483 0.0263272 -0.9917973 0.0287646 0.1217276
345.519117 -4.3855653 -0.1747022 0.8676587 0.0282371 -0.9930456 0.0304367 0.1101670
345.847362 -4.4023628 -0.1710493 0.8266164 0.0282879 -0.9944928 0.0317924 0.0957759
345.950910 -4.4105458 -0.1715645 0.8144518 0.0262506 -0.9955724 0.0300775 0.0850988
346.436508 -4.4205585 -0.1684807 0.7462296 0.0218457 -0.9981670 0.0270089 0.0495578
346.757788 -4.4258790 -0.1652998 0.7018796 0.0221121 -0.9982161 0.0270083 0.0484388
346.939860 -4.4298186 -0.1635071 0.6764746 0.0229869 -0.9983519 0.0264811 0.0454283
347.191153 -4.4288039 -0.1610931 0.6418757 0.0223513 -0.9983542 0.0210905 0.0484211
347.491699 -4.4075036 -0.1573150 0.6067613 0.0231240 -0.9976113 0.0168635 0.0628697
347.590589 -4.3989439 -0.1563541 0.5960242 0.0234856 -0.9974191 0.0159091 0.0659586
347.658552 -4.3933263 -0.1552407 0.5885208 0.0242138 -0.9971773 0.0149673 0.0694771
347.726982 -4.3878670 -0.1538845 0.5810686 0.0249182 -0.9969470 0.0142151 0.0726212
347.795518 -4.3831563 -0.1534359 0.5728709 0.0247344 -0.9966929 0.0112229 0.0765872
347.930859 -4.3771267 -0.1528393 0.5550499 0.0241413 -0.9962623 0.0051873 0.0827759
348.666548 -4.3642945 -0.1455686 0.4616569 0.0232780 -0.9913721 -0.0312225 0.1251584
348.823306 -4.3480134 -0.1445499 0.4574915 0.0227862 -0.9908536 -0.0321024 0.1290713
349.234591 -4.3488698 -0.1445056 0.4572903 0.0235878 -0.9884532 -0.0334350 0.1458970
349.336426 -4.3395953 -0.1439749 0.4548125 0.0231033 -0.9884614 -0.0334057 0.1459260
349.553007 -4.3160734 -0.1427501 0.4473833 0.0229843 -0.9861745 -0.0379272 0.1596654
349.665943 -4.3164845 -0.1427763 0.4476147 0.0219235 -0.9848050 -0.0430401 0.1668115
349.889210 -4.3223906 -0.1420318 0.4331255 0.0209115 -0.9824860 -0.0489437 0.1785736
350.723005 -4.3141623 -0.1359850 0.3462355 0.0175986 -0.9739892 -0.0638389 0.2167025
351.039498 -4.3168640 -0.1356598 0.3404400 0.0172545 -0.9735782 -0.0645665 0.2183553
351.137172 -4.3229332 -0.1352027 0.3282361 0.0161173 -0.9728078 -0.0702516 0.2201136
351.242490 -4.3291526 -0.1341458 0.3144581 0.0130841 -0.9727624 -0.0877998 0.2141338
351.467788 -4.3284636 -0.1344414 0.3145552 0.0051987 -0.9706907 -0.1274361 0.2036974
351.644626 -4.3282185 -0.1346143 0.3145840 0.0012048 -0.9688057 -0.1489330 0.1980730
352.664551 -4.3477211 -0.1325126 0.2692235 0.0003621 -0.9658611 -0.1486395 0.2121754
352.785736 -4.3548384 -0.1316826 0.2543576 0.0005986 -0.9643392 -0.1450551 0.2213790
352.923054 -4.3595877 -0.1315237 0.2451532 0.0017865 -0.9641003 -0.1380268 0.2268393
353.050926 -4.3666124 -0.1310765 0.2288549 0.0067105 -0.9692646 -0.1219069 0.2135879
353.170293 -4.3724241 -0.1301706 0.2138863 0.0112404 -0.9769506 -0.1054808 0.1852430
353.278628 -4.3718276 -0.1301183 0.2140203 0.0139712 -0.9806492 -0.0957999 0.1701600
353.391757 -4.3707771 -0.1300304 0.2142022 0.0160349 -0.9841040 -0.0873212 0.1538095
353.774150 -4.3788223 -0.1287061 0.1862781 0.0186651 -0.9861965 -0.0734807 0.1472031
354.065937 -4.3909874 -0.1267850 0.1473823 0.0185548 -0.9862059 -0.0738021 0.1469934
356.061629 -4.4238148 -0.1231988 0.0574445 -0.0221751 0.9942433 0.0758450 0.0723613
356.379175 -4.4644427 -0.1229895 0.0409318 -0.0216661 0.9943672 0.0755505 0.0711102
356.535872 -4.4705520 -0.1220807 0.0208691 -0.0216174 0.9944453 0.0753113 0.0702806
356.904549 -4.4701457 -0.1225879 0.0207947 -0.0211118 0.9956203 0.0640157 0.0647811
357.099502 -4.4721870 -0.1241446 0.0340812 -0.0201564 0.9964067 0.0483527 0.0665547
357.381687 -4.4753170 -0.1267445 0.0721020 -0.0191606 0.9973896 0.0294517 0.0630838
357.662339 -4.4591856 -0.1273929 0.1076723 -0.0175164 0.9977899 0.0199220 0.0609241
358.143768 -4.4272509 -0.1290161 0.1434283 -0.0164609 0.9934947 0.0315009 0.1081894
358.338588 -4.4163194 -0.1296148 0.1659758 -0.0168996 0.9925897 0.0343306 0.1153325
358.800237 -4.4152989 -0.1300805 0.1702850 -0.0173023 0.9933323 0.0385395 0.1072672
359.122753 -4.3950891 -0.1282669 0.1663313 -0.0170310 0.9902476 0.0456370 0.1305255
359.305923 -4.3763390 -0.1279728 0.1788397 -0.0170402 0.9920544 0.0432439 0.1169090
359.626616 -4.3839288 -0.1307711 0.2208892 -0.0162423 0.9955430 0.0200800 0.0907033
359.935881 -4.3740196 -0.1328920 0.2540087 -0.0161806 0.9956836 0.0210926 0.0889243
360.131570 -4.3795905 -0.1347942 0.2807440 -0.0160288 0.9956372 0.0211145 0.0894649
360.330846 -4.3840361 -0.1364649 0.3084608 -0.0160460 0.9957610 0.0209132 0.0881209
360.515089 -4.3886318 -0.1382734 0.3338015 -0.0167709 0.9967577 0.0217455 0.0756300
360.683620 -4.3786950 -0.1385816 0.3469481 -0.0165696 0.9972009 0.0213512 0.0697138
361.250653 -4.3048396 -0.1373381 0.3802350 -0.0142597 0.9938690 0.0243688 0.1068982
361.619754 -4.2886114 -0.1373054 0.3904324 -0.0131761 0.9898198 0.0270966 0.1391006
361.800071 -4.2956133 -0.1394433 0.4146039 -0.0131895 0.9898108 0.0276335 0.1390574
362.754601 -4.3200765 -0.1424778 0.4387259 -0.0088159 0.9586679 0.0350482 0.2822231
362.910174 -4.3102913 -0.1440364 0.4454222 -0.0064290 0.9532529 0.0393731 0.2995289
363.368777 -4.2886419 -0.1454700 0.4603620 -0.0047948 0.9384040 0.0421891 0.3429213
364.851015 -4.3314610 -0.1432268 0.4228840 -0.0022200 0.9189603 0.0404242 0.3922666
365.081486 -4.3311357 -0.1431917 0.4231925 -0.0015599 0.9139293 0.0378869 0.4040983
365.775359 -4.3170171 -0.1423097 0.4106116 0.0010538 0.9105945 0.0350665 0.4118094
365.906092 -4.3033800 -0.1413725 0.3992591 0.0008202 0.9107599 0.0351485 0.4114369
366.735743 -4.2150435 -0.1332166 0.3270307 0.0062323 0.9020481 0.0271617 0.4307350
366.871160 -4.2002668 -0.1326813 0.3163218 0.0095118 0.8971966 0.0226150 0.4409494
367.605771 -4.1827335 -0.1297974 0.3040795 0.0175767 0.8893145 0.0085214 0.4568788
368.081949 -4.1476560 -0.1271511 0.2796617 0.0178177 0.8877027 0.0090988 0.4599823
368.378784 -4.1138573 -0.1242574 0.2568345 0.0182965 0.8871226 0.0089013 0.4610851
368.705619 -4.0763640 -0.1209492 0.2315211 0.0187591 0.8845098 0.0105632 0.4660247
369.065318 -4.0319467 -0.1176094 0.2115316 0.0191396 0.8836896 0.0111320 0.4675495
369.214688 -4.0145521 -0.1156410 0.2006960 0.0193769 0.8840379 0.0107308 0.4668901
369.520587 -3.9794593 -0.1127205 0.1769829 0.0195110 0.8832275 0.0113205 0.4684021
369.674935 -3.9622114 -0.1108374 0.1664677 0.0204560 0.8834559 0.0116622 0.4679222
369.831882 -3.9443445 -0.1092015 0.1547222 0.0206804 0.8833084 0.0121365 0.4681788
369.988205 -3.9267857 -0.1073472 0.1440635 0.0214939 0.8822045 0.0118728 0.4702259
370.310382 -3.9110487 -0.1057613 0.1347547 0.0247579 0.8770702 0.0085892 0.4796469
370.472364 -3.8922024 -0.1041566 0.1231022 0.0251167 0.8750987 0.0082404 0.4832220
370.626370 -3.8738222 -0.1022573 0.1113210 0.0254295 0.8737868 0.0080117 0.4855778
370.799986 -3.8534594 -0.0999994 0.1000566 0.0264257 0.8715396 0.0081520 0.4895447
370.955781 -3.8353641 -0.0990319 0.0895696 0.0272695 0.8690490 0.0091773 0.4938887
371.115337 -3.8160748 -0.0970619 0.0788741 0.0282540 0.8651764 0.0089950 0.5005903
371.274655 -3.7972276 -0.0951187 0.0696187 0.0292994 0.8613664 0.0092657 0.5070539
371.441781 -3.7763481 -0.0936955 0.0579023 0.0294760 0.8600434 0.0091710 0.5092862
371.608381 -3.7558227 -0.0925684 0.0465741 0.0290052 0.8599288 0.0096255 0.5094981
371.791725 -3.7343054 -0.0906639 0.0353360 0.0293016 0.8595026 0.0089486 0.5102124
371.947343 -3.7152638 -0.0897290 0.0250468 0.0310466 0.8543441 0.0075221 0.5187252
372.117938 -3.6944978 -0.0881638 0.0149870 0.0321284 0.8477259 0.0069938 0.5294144
372.295616 -3.6725683 -0.0867883 0.0051494 0.0338087 0.8394120 0.0068891 0.5423992
372.653431 -3.6275029 -0.0841863 -0.0124130 0.0369973 0.8227021 0.0052866 0.5672429
372.835479 -3.6052830 -0.0819934 -0.0208468 0.0386121 0.8188782 0.0048581 0.5726466
373.437748 -3.5602446 -0.0759971 -0.0788918 0.0487007 0.7773294 0.0015722 0.6272039
373.605087 -3.5383365 -0.0747501 -0.0820501 0.0522559 0.7571310 0.0017794 0.6511672
373.771063 -3.5160477 -0.0737412 -0.0849588 0.0526020 0.7556681 0.0011390 0.6528380
374.157735 -3.5165079 -0.0735159 -0.0839951 0.0567110 0.7353336 0.0000691 0.6753283
374.331695 -3.5182912 -0.0713348 -0.1060348 0.0602774 0.7171354 0.0004930 0.6943221
374.847311 -3.5203216 -0.0685637 -0.1262589 0.0701837 0.6603679 0.0008972 0.7476548
375.000568 -3.5214086 -0.0680068 -0.1246667 0.0738159 0.6391080 0.0016984 0.7655647
375.151314 -3.5222764 -0.0693217 -0.1247661 0.0733725 0.6171319 0.0015569 0.7834298
375.285043 -3.5200973 -0.0641205 -0.1402495 0.0805468 0.6127691 0.0024996 0.7861425
375.427960 -3.5152917 -0.0609122 -0.1591227 0.0812973 0.6115825 0.0016975 0.7869909
376.494562 -3.4607751 -0.0538277 -0.1874335 0.0886187 0.5168665 0.0066581 0.8514408
376.917434 -3.4194520 -0.0512167 -0.2105569 0.0827738 0.4766930 0.0106721 0.8750991
377.290108 -3.3809679 -0.0479887 -0.2321742 0.0718142 0.4435724 0.0166653 0.8932014
377.540663 -3.3530009 -0.0480381 -0.2256900 0.0616526 0.4268668 0.0215878 0.9019521
378.245074 -3.3265114 -0.0503088 -0.2011014 0.0369397 0.4037246 0.0316226 0.9135874
378.363560 -3.3143389 -0.0513706 -0.1902663 0.0367462 0.4035887 0.0312791 0.9136671
378.619285 -3.2967389 -0.0529738 -0.1722249 0.0249187 0.3753508 0.0346824 0.9258985
379.438123 -3.2598922 -0.0568179 -0.1326407 0.0008618 0.2440879 0.0313939 0.9692444
379.509078 -3.2553887 -0.0575792 -0.1240704 0.0006577 0.2434933 0.0321133 0.9693706
379.576442 -3.2511575 -0.0582812 -0.1160153 -0.0011767 0.2379381 0.0319120 0.9707552
380.988707 -3.2312672 -0.0610098 -0.0935770 -0.0677937 0.1742561 0.0369279 0.9816696
381.152651 -3.2317538 -0.0607841 -0.0936538 -0.0662064 0.1631870 0.0348406 0.9837545
381.230326 -3.2320004 -0.0607863 -0.0933802 -0.0651209 0.1585511 0.0334688 0.9846323
384.791133 -3.1788974 -0.0818264 0.0868814 0.0540099 0.0502377 0.0084583 0.9972399
385.177889 -3.1836441 -0.0875455 0.1366474 0.0524965 0.0454312 0.0086866 0.9975494
385.303608 -3.1983702 -0.0882466 0.1433797 0.0527182 0.0455484 0.0088118 0.9975312
385.426486 -3.1987467 -0.0881290 0.1433424 0.0523604 0.0443873 0.0086246 0.9976041
385.680817 -3.1810751 -0.0881077 0.1418123 0.0519100 0.0442573 0.0086997 0.9976327
385.825654 -3.1600471 -0.0872597 0.1397347 0.0532210 0.0601427 0.0096652 0.9967231
385.952083 -3.1422491 -0.0868313 0.1374690 0.0536397 0.0674280 0.0103931 0.9962270
386.074330 -3.1246254 -0.0862998 0.1346462 0.0551705 0.0797908 0.0105439 0.9952279
386.199328 -3.1078088 -0.0870093 0.1321315 0.0532033 0.0981958 0.0122251 0.9936687
386.788343 -3.1351950 -0.0873331 0.1390064 0.0536449 0.1460497 0.0141914 0.9877198
386.956652 -3.1413283 -0.0855017 0.1196495 0.0524280 0.1486401 0.0140000 0.9874014
387.365096 -3.1424832 -0.0795312 0.0689704 0.0483390 0.1633897 0.0147215 0.9852667
387.738503 -3.1586134 -0.0744010 0.0204882 0.0475173 0.1661916 0.0162383 0.9848141
388.076941 -3.1743143 -0.0681714 -0.0226783 0.0492901 0.1661199 0.0162660 0.9847386
388.220202 -3.1814554 -0.0661422 -0.0408063 0.0494939 0.1678446 0.0155286 0.9844478
388.370422 -3.1899817 -0.0642843 -0.0583468 0.0492812 0.1678446 0.0160856 0.9844495
388.518902 -3.2028904 -0.0625752 -0.0745326 0.0497700 0.1696293 0.0158802 0.9841223
388.662124 -3.2099035 -0.0610101 -0.0927690 0.0491884 0.1700565 0.0163960 0.9840693
388.812215 -3.2163978 -0.0588090 -0.1116904 0.0493929 0.1696599 0.0158614 0.9841363
388.997112 -3.2226350 -0.0567731 -0.1283460 0.0495987 0.1698059 0.0152928 0.9841098
389.817515 -3.2388513 -0.0520392 -0.1765489 0.0474284 0.1883803 0.0169638 0.9808036
390.008423 -3.2424181 -0.0514035 -0.1857290 0.0468334 0.1900165 0.0171620 0.9805130
390.181637 -3.2513912 -0.0491566 -0.2076969 0.0467622 0.1903077 0.0172689 0.9804581
390.349066 -3.2504175 -0.0490385 -0.2077715 0.0450058 0.2069999 0.0188596 0.9771233
390.513051 -3.2567465 -0.0495129 -0.2044713 0.0448646 0.2205893 0.0195026 0.9741392
390.631717 -3.2697353 -0.0504666 -0.1976901 0.0444061 0.2505798 0.0210201 0.9668485
391.007290 -3.3072569 -0.0534466 -0.1707629 0.0265351 0.3556483 0.0330380 0.9336588
391.138439 -3.3061662 -0.0536541 -0.1711197 0.0233310 0.3759441 0.0352639 0.9256771
391.473365 -3.3058295 -0.0533712 -0.1715674 0.0216489 0.3855432 0.0367128 0.9217049
391.682583 -3.3239632 -0.0513880 -0.1924663 0.0148786 0.4546849 0.0454229 0.8893690
392.064343 -3.3673534 -0.0507727 -0.2093555 -0.0012584 0.5542610 0.0639997 0.8298779
392.328552 -3.3832359 -0.0550476 -0.1794169 -0.0093884 0.5995490 0.0730364 0.7969432
392.500312 -3.3890340 -0.0586465 -0.1564953 -0.0110332 0.6135458 0.0752803 0.7859853
393.139516 -3.3886554 -0.0584893 -0.1567202 -0.0104471 0.6289686 0.0760846 0.7736281
393.307540 -3.3878164 -0.0589600 -0.1586242 -0.0115323 0.6571150 0.0791403 0.7495356
393.477394 -3.3870983 -0.0591406 -0.1593215 -0.0129654 0.6711159 0.0801572 0.7368923
396.991164 -3.3791132 -0.0666392 -0.0981946 -0.0029801 0.8390169 0.0694644 0.5396448
397.319384 -3.3794522 -0.0667533 -0.0985904 -0.0021646 0.8398150 0.0684847 0.5385312
397.967816 -3.3784664 -0.0666934 -0.0991750 0.0067912 0.8584126 0.0539373 0.5100711
398.585218 -3.3065579 -0.0612865 -0.1428347 0.0161232 0.8696666 0.0357121 0.4920820
399.010502 -3.3063946 -0.0611827 -0.1436238 0.0191078 0.8787426 0.0288431 0.4760404
399.547387 -3.2917900 -0.0600600 -0.1529579 0.0207684 0.8803014 0.0259293 0.4732502
399.801877 -3.2631559 -0.0573613 -0.1712909 0.0214606 0.8805128 0.0255520 0.4728465
400.071274 -3.2334995 -0.0544886 -0.1892576 0.0218319 0.8814643 0.0257488 0.4710426
400.331388 -3.2050560 -0.0517305 -0.2075441 0.0215833 0.8814932 0.0254226 0.4710176
400.601039 -3.1750295 -0.0495122 -0.2270522 0.0225151 0.8785651 0.0260536 0.4763798
400.870389 -3.1448002 -0.0468331 -0.2459080 0.0230440 0.8763323 0.0269257 0.4804016
401.140238 -3.1144099 -0.0441947 -0.2648115 0.0243349 0.8757817 0.0246999 0.4814604
401.270567 -3.0996425 -0.0432672 -0.2740352 0.0243410 0.8755540 0.0248310 0.4818673
401.555826 -3.0677233 -0.0401427 -0.2933598 0.0243660 0.8757657 0.0243238 0.4815072
401.828311 -3.0370810 -0.0376531 -0.3126473 0.0246712 0.8757392 0.0244488 0.4815334
402.098334 -3.0067410 -0.0354993 -0.3318524 0.0241789 0.8757100 0.0243879 0.4816147
402.383920 -2.9744470 -0.0328338 -0.3525300 0.0262144 0.8755536 0.0214921 0.4819304
402.604820 -2.9493132 -0.0307345 -0.3673840 0.0300848 0.8744346 0.0157844 0.4839524
402.820869 -2.9249468 -0.0295962 -0.3828256 0.0308166 0.8736778 0.0140460 0.4853248
403.032030 -2.9009869 -0.0273056 -0.3977923 0.0327308 0.8734633 0.0107992 0.4856686
403.774634 -2.8171220 -0.0200225 -0.4478352 0.0335719 0.8727264 0.0108494 0.4869332
403.984975 -2.7903743 -0.0191011 -0.4593506 0.0326095 0.8725921 0.0105424 0.4872460
404.188750 -2.7671444 -0.0172727 -0.4731979 0.0334271 0.8725455 0.0112042 0.4872592
404.415124 -2.7411084 -0.0153676 -0.4883480 0.0333970 0.8727819 0.0118457 0.4868226
404.752408 -2.7010341 -0.0123775 -0.5083086 0.0334641 0.8724884 0.0116424 0.4873485
404.947898 -2.6788912 -0.0106933 -0.5215478 0.0340201 0.8734954 0.0104404 0.4855300
405.140400 -2.6567321 -0.0087352 -0.5345244 0.0351268 0.8740832 0.0095344 0.4844108
405.338013 -2.6330886 -0.0069257 -0.5454528 0.0353917 0.8743010 0.0092766 0.4840034
405.534863 -2.6104784 -0.0047261 -0.5589850 0.0357982 0.8744617 0.0087816 0.4836923
405.737776 -2.5874269 -0.0034178 -0.5727770 0.0357709 0.8745765 0.0099686 0.4834635
405.937936 -2.5606070 -0.0017129 -0.5764947 0.0359748 0.8745506 0.0092905 0.4835088
406.137594 -2.5364518 0.0000037 -0.5866885 0.0358094 0.8744922 0.0091248 0.4836299
406.331894 -2.5139086 0.0018935 -0.6005480 0.0359241 0.8745561 0.0094620 0.4834993
406.525836 -2.4876294 0.0028336 -0.6054156 0.0346302 0.8742991 0.0089669 0.4840676
406.796492 -2.4544783 0.0060331 -0.6226459 0.0350687 0.8739052 0.0085105 0.4847551
407.033528 -2.4273672 0.0083695 -0.6383543 0.0353982 0.8741525 0.0089026 0.4842778
407.271448 -2.4003737 0.0108235 -0.6536870 0.0355455 0.8749936 0.0089229 0.4827454
407.512082 -2.3724656 0.0133632 -0.6707106 0.0369084 0.8757131 0.0075779 0.4813595
407.753174 -2.3448067 0.0153758 -0.6875849 0.0378910 0.8761644 0.0072740 0.4804657
407.997791 -2.3166904 0.0180104 -0.7040563 0.0386211 0.8768137 0.0066377 0.4792308
408.148135 -2.2995458 0.0191922 -0.7149158 0.0394285 0.8767627 0.0072677 0.4792492
408.318654 -2.2797678 0.0208254 -0.7270417 0.0393920 0.8769544 0.0076275 0.4788957
408.504732 -2.2586639 0.0226424 -0.7414474 0.0386850 0.8765807 0.0068710 0.4796485
408.700613 -2.2358520 0.0243420 -0.7554612 0.0395837 0.8759343 0.0061631 0.4807643
408.910518 -2.2121611 0.0262088 -0.7702179 0.0406270 0.8745688 0.0052227 0.4831683
409.106212 -2.1879840 0.0276632 -0.7839613 0.0407038 0.8745862 0.0049784 0.4831330
409.307558 -2.1637981 0.0301066 -0.7990341 0.0411011 0.8742649 0.0043527 0.4836865
409.906237 -2.0939643 0.0348863 -0.8357909 0.0404743 0.8728252 0.0034965 0.4863392
410.095692 -2.0719044 0.0366062 -0.8494034 0.0400228 0.8729664 0.0044648 0.4861152
410.610459 -2.0119362 0.0417064 -0.8856846 0.0399077 0.8741471 0.0042499 0.4840003
410.729289 -1.9979811 0.0430746 -0.8941605 0.0403348 0.8741015 0.0044015 0.4840458
410.852587 -1.9833906 0.0441942 -0.9032165 0.0404261 0.8744150 0.0042686 0.4834728
411.045403 -1.9588860 0.0456535 -0.9103047 0.0404988 0.8751822 0.0037020 0.4820813
411.228231 -1.9375191 0.0471141 -0.9228957 0.0399751 0.8754380 0.0040823 0.4816571
411.416284 -1.9148474 0.0489073 -0.9351066 0.0400427 0.8753224 0.0041143 0.4818614
411.602295 -1.8917792 0.0503543 -0.9437829 0.0405704 0.8753310 0.0043349 0.4817997
411.844409 -1.8641183 0.0522453 -0.9613525 0.0404808 0.8753080 0.0046308 0.4818462
412.037438 -1.8393121 0.0538289 -0.9692702 0.0401422 0.8752143 0.0039582 0.4820506
412.212558 -1.8192506 0.0552656 -0.9806139 0.0401918 0.8752747 0.0045434 0.4819318
412.398823 -1.7979131 0.0581247 -0.9938273 0.0398735 0.8752786 0.0035101 0.4819597
412.581435 -1.7747339 0.0587978 -0.9982024 0.0398683 0.8755032 0.0035183 0.4815520
412.763881 -1.7517545 0.0601230 -1.0091119 0.0392756 0.8748905 0.0038298 0.4827105
413.006365 -1.7246934 0.0630443 -1.0248759 0.0396075 0.8751323 0.0030505 0.4822503
413.186915 -1.7046372 0.0643260 -1.0371561 0.0396964 0.8752084 0.0032625 0.4821036
413.371124 -1.6836402 0.0660161 -1.0494697 0.0415775 0.8718140 0.0024845 0.4880630
413.735623 -1.6414500 0.0692295 -1.0755451 0.0414285 0.8710702 0.0027451 0.4894004
413.984580 -1.6127898 0.0711202 -1.0921108 0.0418156 0.8712094 0.0031715 0.4891172
414.161315 -1.5924697 0.0729311 -1.1042521 0.0420262 0.8712193 0.0030814 0.4890821
414.329016 -1.5728101 0.0747299 -1.1154649 0.0418359 0.8713604 0.0028369 0.4888485
414.505939 -1.5527660 0.0759170 -1.1275192 0.0425841 0.8702152 0.0031864 0.4908176
415.008257 -1.4946980 0.0806250 -1.1597829 0.0482812 0.8623027 -0.0027909 0.5040787
415.176599 -1.4747432 0.0815200 -1.1706531 0.0491205 0.8597498 -0.0033688 0.5083366
416.121309 -1.4107014 0.0886463 -1.2329397 0.0590264 0.8010030 -0.0013457 0.5957418
416.301781 -1.4127575 0.0891770 -1.2394209 0.0616874 0.7820299 -0.0008000 0.6201800
416.484549 -1.3889328 0.0901373 -1.2425691 0.0646869 0.7658107 -0.0002977 0.6398042
416.611421 -1.3822191 0.0904978 -1.2440437 0.0645163 0.7655328 -0.0004305 0.6401539
416.914838 -1.3821514 0.0904097 -1.2434754 0.0665403 0.7578256 -0.0010980 0.6490544
417.985820 -1.3256036 0.0974298 -1.3005819 0.0883646 0.6284947 -0.0028973 0.7727728
418.474259 -1.3255050 0.0972880 -1.2999901 0.0901680 0.6188900 -0.0027911 0.7802802
418.595786 -1.3239110 0.0982485 -1.3061249 0.0933270 0.5970234 -0.0021174 0.7967739
419.014051 -1.3209877 0.0993496 -1.3220606 0.0927736 0.5480427 0.0008083 0.8312892
419.145941 -1.3141664 0.1011409 -1.3362375 0.0904435 0.5338159 0.0039880 0.8407406
419.271884 -1.3076109 0.1032385 -1.3519073 0.0873625 0.5200730 0.0068328 0.8496148
419.392377 -1.2967925 0.1051326 -1.3616443 0.0851004 0.5085868 0.0095330 0.8567418
419.514030 -1.2814476 0.1053335 -1.3638071 0.0816714 0.4998360 0.0119884 0.8621775
419.636147 -1.2672465 0.1050548 -1.3571451 0.0790050 0.4882323 0.0135030 0.8690254
419.899045 -1.2392452 0.1036654 -1.3377677 0.0732621 0.4621019 0.0171328 0.8836294
420.014214 -1.2274309 0.1029673 -1.3284769 0.0687802 0.4484792 0.0196025 0.8909273
420.303657 -1.2151845 0.1048969 -1.3441858 0.0547431 0.4034942 0.0263969 0.9129616
420.529268 -1.2158588 0.1047414 -1.3439448 0.0504822 0.3849881 0.0272732 0.9211362
420.807310 -1.2107570 0.1042546 -1.3387802 0.0503917 0.3851528 0.0271250 0.9210767
420.914839 -1.2008826 0.1032817 -1.3287829 0.0501257 0.3839121 0.0275736 0.9215957
421.537190 -1.1739419 0.1015828 -1.3080542 0.0207857 0.3144195 0.0351604 0.9484050
421.654502 -1.1615463 0.1021408 -1.3112866 0.0127679 0.2833905 0.0352383 0.9582719
421.712727 -1.1575516 0.1017389 -1.3049389 0.0113919 0.2769032 0.0352839 0.9601822
421.780579 -1.1527271 0.1009240 -1.2974422 0.0108437 0.2758528 0.0349987 0.9605013
422.218341 -1.1491144 0.1002612 -1.2907641 0.0079726 0.2657608 0.0351574 0.9633648
422.345969 -1.1410463 0.0988786 -1.2762227 0.0021039 0.2532936 0.0356044 0.9667317
422.417962 -1.1367851 0.0980112 -1.2680867 -0.0005596 0.2455870 0.0354895 0.9687245
423.395192 -1.0946939 0.0957959 -1.2451210 0.0014946 0.0853577 0.0184312 0.9961787
423.772505 -1.0977703 0.0962982 -1.2458048 -0.0298631 0.0228248 0.0129198 0.9992099
423.921283 -1.0983787 0.0962805 -1.2459437 -0.0287406 0.0099428 0.0112984 0.9994736
424.210909 -1.0985343 0.0957720 -1.2368883 -0.0265895 -0.0061050 0.0100177 0.9995776
424.979277 -1.1023743 0.0925531 -1.2086730 -0.0204562 -0.0849014 -0.0001463 0.9961793
425.224848 -1.1057009 0.0912805 -1.1985486 -0.0147694 -0.1114747 -0.0037094 0.9936506
425.386416 -1.1106161 0.0897741 -1.1782517 -0.0128274 -0.1264490 -0.0041020 0.9918817
425.847506 -1.1117419 0.0873388 -1.1578475 -0.0131118 -0.1881880 -0.0124119 0.9819670
425.950905 -1.1116741 0.0870333 -1.1580158 -0.0131457 -0.1895372 -0.0127818 0.9817023
426.057163 -1.1117514 0.0873640 -1.1581614 -0.0106776 -0.1902911 -0.0120673 0.9815955
426.748601 -1.0962168 0.0867560 -1.1530718 0.0028296 -0.0620574 0.0042372 0.9980596
426.893860 -1.0792235 0.0857912 -1.1443820 0.0022744 -0.0415673 0.0066176 0.9991112
427.059782 -1.0789411 0.0837120 -1.1225145 0.0020131 -0.0079042 0.0104540 0.9999121
427.200558 -1.0773270 0.0817755 -1.1039078 -0.0001651 0.0228131 0.0136775 0.9996462
427.343306 -1.0747269 0.0795548 -1.0852149 -0.0006120 0.0454016 0.0166417 0.9988300
427.483276 -1.0716588 0.0773766 -1.0669028 -0.0014773 0.0674876 0.0195030 0.9975284
427.614027 -1.0678562 0.0751110 -1.0499371 -0.0026547 0.0909806 0.0218972 0.9956083
427.943210 -1.0628003 0.0728495 -1.0325766 0.0239953 0.1276724 0.0221665 0.9912783
428.592293 -1.0711590 0.0759605 -1.0618137 0.0336348 0.1755142 0.0237278 0.9836160
428.886365 -1.0841856 0.0797503 -1.0974538 0.0435357 0.1874274 0.0221661 0.9810628
429.059272 -1.0913527 0.0814386 -1.1118151 0.0451229 0.1874955 0.0216138 0.9809904
429.471085 -1.0937440 0.0825080 -1.1179259 0.0479509 0.1906361 0.0204485 0.9802757
429.642079 -1.1025195 0.0853300 -1.1389287 0.0599769 0.1983876 0.0195404 0.9780917
429.832915 -1.1121039 0.0871638 -1.1609116 0.0602022 0.1987320 0.0186920 0.9780245
430.043206 -1.1238714 0.0890486 -1.1864693 0.0599176 0.1997831 0.0188830 0.9778242
430.248202 -1.1338636 0.0916788 -1.2102990 0.0595295 0.2059505 0.0189694 0.9765658
430.455971 -1.1455917 0.0943990 -1.2352962 0.0602246 0.2069175 0.0189376 0.9763194
430.659225 -1.1563625 0.0968535 -1.2596614 0.0613999 0.2121381 0.0187967 0.9751278
430.866079 -1.1673683 0.0992535 -1.2841982 0.0627271 0.2195715 0.0187442 0.9733973
431.313678 -1.1925746 0.1043815 -1.3374139 0.0616294 0.2243958 0.0192715 0.9723564
431.541767 -1.2049830 0.1067319 -1.3646069 0.0569039 0.2544225 0.0205948 0.9651979
431.732355 -1.2181306 0.1093030 -1.3850579 0.0487772 0.2845972 0.0246186 0.9570889
431.956268 -1.2339835 0.1108744 -1.4030473 0.0370001 0.3431583 0.0319453 0.9380047
432.183911 -1.2386125 0.1104604 -1.3999420 0.0355350 0.3679415 0.0334450 0.9285676
432.421169 -1.2419182 0.1099620 -1.3985660 0.0350716 0.3675466 0.0332113 0.9287500
432.608783 -1.2501322 0.1095267 -1.3940547 0.0288152 0.4034992 0.0371819 0.9137700
432.788155 -1.2649695 0.1074953 -1.3860703 0.0207018 0.4470167 0.0433132 0.8932366
433.278658 -1.2941691 0.1056839 -1.3704301 0.0119796 0.5222106 0.0528751 0.8510916
433.564202 -1.2981195 0.1049851 -1.3619871 0.0110574 0.5269169 0.0541818 0.8481159
433.725873 -1.3061531 0.1029708 -1.3440216 0.0067183 0.5595182 0.0597649 0.8266332
433.903487 -1.3045623 0.1027010 -1.3462876 -0.0005182 0.5992216 0.0674928 0.7977329
434.245780 -1.3077352 0.1008360 -1.3255106 -0.0060236 0.6442257 0.0761437 0.7610119
434.436555 -1.3092248 0.1000090 -1.3161290 -0.0085052 0.6669096 0.0811226 0.7406607
435.364796 -1.3929815 0.0963612 -1.3101872 -0.0192625 0.7526065 0.0973040 0.6509564
436.220031 -1.3707457 0.0944424 -1.2844685 -0.0177703 0.7754881 0.0988622 0.6233208
436.486254 -1.3361440 0.0966330 -1.2941689 -0.0022459 0.7931221 0.0807005 0.6036885
436.734154 -1.3044522 0.0982685 -1.3054028 0.0185020 0.8084572 0.0526144 0.5859066
437.211077 -1.2725300 0.1001318 -1.3179284 0.0363048 0.8237075 0.0259051 0.5652582
437.377448 -1.2519505 0.1012614 -1.3256266 0.0364271 0.8240854 0.0262076 0.5646853
437.538121 -1.2323378 0.1023446 -1.3333735 0.0370009 0.8283395 0.0245650 0.5584632
437.698534 -1.2130548 0.1038251 -1.3415194 0.0378288 0.8305635 0.0229364 0.5551640
437.855269 -1.1937599 0.1053244 -1.3499262 0.0387873 0.8306812 0.0209361 0.5550008
438.005000 -1.1755728 0.1063380 -1.3576263 0.0383818 0.8306106 0.0210953 0.5551286
438.200729 -1.1521014 0.1079622 -1.3665643 0.0391229 0.8322262 0.0202370 0.5526840
438.390783 -1.1298275 0.1098940 -1.3756983 0.0407303 0.8353509 0.0173127 0.5479326
438.589991 -1.1061598 0.1110225 -1.3867481 0.0413610 0.8364147 0.0170909 0.5462670
438.789002 -1.0822732 0.1130504 -1.3974904 0.0415112 0.8401304 0.0158181 0.5405621
438.940008 -1.0646406 0.1142850 -1.4043839 0.0420878 0.8419409 0.0154927 0.5377026
439.088529 -1.0468073 0.1159636 -1.4127227 0.0418991 0.8468681 0.0142618 0.5299581
439.234896 -1.0299147 0.1174973 -1.4209067 0.0430573 0.8493249 0.0121142 0.5259721
439.385927 -1.0124431 0.1188532 -1.4293177 0.0441376 0.8503910 0.0108558 0.5241843
439.721576 -0.9742175 0.1210339 -1.4481832 0.0435528 0.8505167 0.0110030 0.5240261
439.873743 -0.9563769 0.1223979 -1.4579701 0.0430233 0.8502730 0.0106776 0.5244719
440.017362 -0.9397228 0.1234184 -1.4663057 0.0426245 0.8501816 0.0109023 0.5246480
440.148973 -0.9245709 0.1247041 -1.4739459 0.0427107 0.8500605 0.0103474 0.5248484
440.320733 -0.9044642 0.1263331 -1.4853607 0.0440207 0.8506863 0.0066568 0.5237851
440.640103 -0.8684549 0.1283496 -1.5039057 0.0438057 0.8505893 0.0072485 0.5239527
440.773000 -0.8531904 0.1293351 -1.5111611 0.0436251 0.8506377 0.0074261 0.5238867
440.916308 -0.8364775 0.1313386 -1.5203356 0.0440044 0.8502660 0.0069920 0.5244640
441.200021 -0.8018124 0.1334116 -1.5359474 0.0447593 0.8501078 0.0063094 0.5246650
441.350287 -0.7841122 0.1350150 -1.5440749 0.0490191 0.8418324 0.0029600 0.5375003
441.494720 -0.7713072 0.1365914 -1.5570897 0.0496040 0.8380088 0.0019821 0.5433938
441.648766 -0.7551303 0.1381544 -1.5686938 0.0507920 0.8348143 0.0027318 0.5481769
441.779885 -0.7388583 0.1387779 -1.5747039 0.0508197 0.8330600 0.0028996 0.5508357
441.935626 -0.7227184 0.1409362 -1.5860966 0.0532751 0.8256423 0.0021421 0.5616689
442.092641 -0.7122223 0.1424982 -1.6028476 0.0538642 0.8215007 0.0019507 0.5676544
442.373541 -0.6802680 0.1463593 -1.6198062 0.0559643 0.8162611 0.0008089 0.5749654
442.463278 -0.6690185 0.1465732 -1.6234257 0.0556231 0.8164092 0.0011782 0.5747877
442.578087 -0.6549448 0.1475174 -1.6282747 0.0565300 0.8150954 0.0000826 0.5765622
442.705694 -0.6389611 0.1488789 -1.6331686 0.0575620 0.8120007 -0.0004714 0.5808108
442.841321 -0.6232779 0.1501067 -1.6407509 0.0588369 0.8052754 -0.0000593 0.5899744
442.957940 -0.6126292 0.1514323 -1.6513501 0.0593044 0.7963347 -0.0001078 0.6019419
443.080512 -0.6016585 0.1527419 -1.6617626 0.0613210 0.7836251 0.0003541 0.6182001
443.316099 -0.5721987 0.1540820 -1.6715531 0.0614050 0.7721524 0.0030536 0.6324562
443.512986 -0.5560015 0.1565184 -1.6897967 0.0606630 0.7619362 0.0053798 0.6447824
443.790004 -0.5521418 0.1603556 -1.7231109 0.0641597 0.7373151 0.0060555 0.6724681
444.245867 -0.5240208 0.1629237 -1.7428449 0.0664302 0.7180735 0.0064941 0.6927592
444.342530 -0.5248390 0.1639769 -1.7546132 0.0689414 0.7012582 0.0061016 0.7095399
444.442155 -0.5253141 0.1656575 -1.7668505 0.0716490 0.6808107 0.0061293 0.7289209
444.541785 -0.5223508 0.1669583 -1.7785900 0.0738130 0.6643728 0.0065876 0.7437184
445.654098 -0.4055530 0.1732643 -1.7967715 0.0751694 0.5488490 0.0089021 0.8324873
445.833009 -0.3971725 0.1749024 -1.8162460 0.0783432 0.5084721 0.0099556 0.8574494
445.944324 -0.3906692 0.1757221 -1.8283296 0.0792849 0.4849485 0.0102653 0.8708808
446.141231 -0.3815410 0.1774914 -1.8437682 0.0808904 0.4625565 0.0104829 0.8828298
446.237700 -0.3812594 0.1776614 -1.8439121 0.0814698 0.4561369 0.0100700 0.8861154
446.582021 -0.3700297 0.1790445 -1.8567954 0.0818611 0.4378391 0.0106245 0.8952557
446.694358 -0.3565812 0.1797395 -1.8619103 0.0820489 0.4282047 0.0105639 0.8998873
446.797383 -0.3435346 0.1803434 -1.8610289 0.0821577 0.4210518 0.0096469 0.9032565
446.992968 -0.3225802 0.1789365 -1.8467129 0.0822310 0.4081495 0.0098952 0.9091502
447.089541 -0.3129623 0.1788236 -1.8378145 0.0827178 0.4044277 0.0090472 0.9107767
447.489528 -0.2748408 0.1753664 -1.8012923 0.0848693 0.3903782 0.0085308 0.9166948
447.586266 -0.2662705 0.1746941 -1.7926838 0.0850468 0.3900540 0.0083588 0.9168179
447.678021 -0.2575932 0.1736205 -1.7843473 0.0849947 0.3898378 0.0090529 0.9169081
447.776515 -0.2486949 0.1727802 -1.7751071 0.0859433 0.3862062 0.0093197 0.9183527
447.867146 -0.2406656 0.1718300 -1.7667899 0.0859096 0.3853483 0.0096092 0.9187132
447.951527 -0.2326087 0.1714661 -1.7587860 0.0860548 0.3855724 0.0089237 0.9186125
448.204692 -0.2086504 0.1691974 -1.7355413 0.0859217 0.3853257 0.0093874 0.9187239
448.283613 -0.2013858 0.1684629 -1.7284334 0.0858973 0.3852164 0.0094416 0.9187714
448.366326 -0.1939859 0.1676425 -1.7207973 0.0856991 0.3852350 0.0099761 0.9187765
448.457866 -0.1851753 0.1669363 -1.7121456 0.0858686 0.3854700 0.0098661 0.9186633
448.542629 -0.1774433 0.1666472 -1.7046391 0.0860688 0.3851217 0.0092714 0.9187967
448.714441 -0.1610785 0.1652174 -1.6885669 0.0862198 0.3849288 0.0096010 0.9188601
448.800113 -0.1533571 0.1643811 -1.6807544 0.0858469 0.3850924 0.0098063 0.9188243
448.889892 -0.1451449 0.1634650 -1.6723542 0.0866813 0.3843628 0.0100940 0.9190482
448.979686 -0.1368552 0.1627023 -1.6640025 0.0872065 0.3826038 0.0097660 0.9197358
449.065660 -0.1292389 0.1622941 -1.6558018 0.0882051 0.3811497 0.0093269 0.9202487
449.148705 -0.1210688 0.1615765 -1.6481549 0.0889719 0.3797176 0.0090796 0.9207693
449.230992 -0.1141762 0.1605349 -1.6403339 0.0891867 0.3768163 0.0093595 0.9219369
449.317667 -0.1067888 0.1598560 -1.6321192 0.0908458 0.3727220 0.0091940 0.9234397
449.401839 -0.0996711 0.1591443 -1.6240658 0.0921548 0.3655145 0.0089681 0.9261891
449.486734 -0.0936148 0.1583873 -1.6144929 0.0922434 0.3642124 0.0087692 0.9266950
449.569036 -0.0898501 0.1571576 -1.6040920 0.0925680 0.3629020 0.0094062 0.9271703
449.649924 -0.0857453 0.1564923 -1.5941042 0.0942336 0.3553210 0.0080480 0.9299474
449.733043 -0.0793442 0.1557331 -1.5854176 0.0953914 0.3499030 0.0079746 0.9318824
449.821758 -0.0735646 0.1542583 -1.5772216 0.0953601 0.3466694 0.0095510 0.9330786
449.908600 -0.0661497 0.1537773 -1.5683142 0.0971239 0.3406481 0.0087193 0.9351202
450.032649 -0.0554197 0.1530217 -1.5555468 0.0982892 0.3379371 0.0075540 0.9359919
450.151613 -0.0458222 0.1517923 -1.5436966 0.0978469 0.3381642 0.0079660 0.9359527
450.401658 -0.0239170 0.1499047 -1.5177157 0.0986307 0.3371074 0.0067954 0.9362609
450.651962 -0.0056515 0.1469940 -1.4913077 0.0996660 0.3118293 0.0073583 0.9448677
450.773608 0.0036460 0.1460702 -1.4784732 0.1007772 0.3068003 0.0061772 0.9464034
450.899590 0.0124798 0.1449472 -1.4655524 0.1015542 0.3059391 0.0064192 0.9465975
451.030383 0.0227642 0.1433826 -1.4510224 0.1030189 0.3012701 0.0063042 0.9479365
451.153247 0.0312059 0.1417429 -1.4377017 0.1036023 0.2983802 0.0067495 0.9487836
451.397954 0.0482043 0.1396848 -1.4104830 0.1068086 0.2847934 0.0061877 0.9525998
451.520984 0.0569774 0.1384592 -1.3969690 0.1065537 0.2833763 0.0059252 0.9530525
451.640996 0.0651732 0.1372548 -1.3837919 0.1076590 0.2820961 0.0058023 0.9533088
451.773156 0.0749321 0.1361490 -1.3691206 0.1081183 0.2816771 0.0056298 0.9533818
451.893050 0.0838805 0.1347183 -1.3556987 0.1079423 0.2817065 0.0053187 0.9533948
452.019829 0.0924470 0.1330493 -1.3419449 0.1075631 0.2818748 0.0062844 0.9533820
452.161829 0.1024392 0.1315328 -1.3266596 0.1075377 0.2816715 0.0062519 0.9534453
452.330484 0.1138725 0.1301937 -1.3079020 0.1097706 0.2722390 0.0057517 0.9559306
452.459057 0.1227794 0.1288128 -1.2938653 0.1105638 0.2657490 0.0054959 0.9576653
452.591542 0.1306902 0.1277011 -1.2792175 0.1109124 0.2609871 0.0051002 0.9589360
452.732582 0.1393530 0.1262412 -1.2639246 0.1108118 0.2598506 0.0052387 0.9592555
452.873343 0.1476470 0.1248496 -1.2479998 0.1109261 0.2599729 0.0048221 0.9592113
453.014411 0.1502263 0.1229188 -1.2302885 0.1109451 0.2597298 0.0054979 0.9592713
453.220427 0.1602762 0.1200158 -1.2059362 0.1104611 0.2552427 0.0043495 0.9605367
453.405056 0.1713206 0.1182864 -1.1860063 0.1102935 0.2553369 0.0048285 0.9605286
453.985462 0.1732244 0.1118556 -1.1127152 0.1113733 0.2538128 0.0049327 0.9608074
454.134758 0.1802211 0.1100792 -1.0945578 0.1110946 0.2539444 0.0050335 0.9608043
454.266249 0.1892749 0.1086004 -1.0799482 0.1105810 0.2533345 0.0043586 0.9610279
454.461626 0.2009974 0.1062753 -1.0568962 0.1111645 0.2542254 0.0053224 0.9607204
454.603735 0.2105821 0.1052748 -1.0414305 0.1112888 0.2535948 0.0052886 0.9608728
454.725410 0.2179985 0.1032030 -1.0277896 0.1103296 0.2514699 0.0053870 0.9615411
454.842582 0.2254456 0.1026235 -1.0142883 0.1110049 0.2481867 0.0052256 0.9623170
454.997392 0.2344340 0.1002824 -0.9967837 0.1104597 0.2448850 0.0048632 0.9632271
455.142900 0.2433227 0.0989541 -0.9798965 0.1103600 0.2425065 0.0047266 0.9638407
455.292860 0.2520643 0.0964100 -0.9632143 0.1098198 0.2323424 0.0057784 0.9663970
456.131835 0.3069275 0.0888507 -0.8695979 0.1108746 0.1978417 0.0070181 0.9739180
456.402616 0.3219484 0.0866827 -0.8367174 0.1116971 0.1946687 0.0052261 0.9744745
456.519484 0.3285150 0.0853259 -0.8232174 0.1130299 0.1800808 0.0060651 0.9771174
456.635165 0.3379979 0.0839559 -0.8125049 0.1145543 0.1602258 0.0061138 0.9803916
456.787853 0.3545170 0.0816573 -0.8017573 0.1153192 0.1419265 0.0071920 0.9831107
456.896741 0.3672178 0.0796782 -0.7944944 0.1148183 0.1308759 0.0077375 0.9846972
457.013460 0.3793114 0.0792096 -0.7871988 0.1153483 0.1214608 0.0078404 0.9858400
457.127159 0.3915479 0.0798909 -0.7792065 0.1163526 0.1070586 0.0070872 0.9873958
457.242952 0.4028172 0.0774340 -0.7720994 0.1155015 0.0855591 0.0088809 0.9895758
457.625371 0.4251298 0.0748889 -0.7295015 0.1169752 0.0552550 0.0092040 0.9915538
457.769625 0.4315673 0.0729480 -0.7121323 0.1152753 0.0458520 0.0095010 0.9922293
457.868971 0.4396021 0.0729020 -0.7021144 0.1154207 0.0289427 0.0091977 0.9928524
458.083519 0.4596207 0.0716552 -0.6818228 0.1153784 -0.0038439 0.0089881 0.9932736
458.308461 0.4695263 0.0681825 -0.6555169 0.1140791 -0.0045744 0.0104582 0.9934061
458.420748 0.4695306 0.0659325 -0.6413152 0.1131051 -0.0047916 0.0110207 0.9935104
458.539331 0.4689085 0.0652920 -0.6259330 0.1130839 -0.0235843 0.0107036 0.9932478
458.651599 0.4668599 0.0628892 -0.6123245 0.1120151 -0.0631460 0.0124428 0.9916201
458.888059 0.4852277 0.0631241 -0.5961390 0.1133599 -0.1385995 0.0136561 0.9837445
458.977755 0.4957518 0.0641200 -0.5932726 0.1143058 -0.1628824 0.0129553 0.9799162
459.086386 0.5088731 0.0635075 -0.5889096 0.1136443 -0.1864472 0.0136941 0.9757740
459.280072 0.5252081 0.0627212 -0.5828759 0.1125904 -0.2225293 0.0150669 0.9682857
459.749179 0.5298887 0.0635720 -0.5817442 0.1128564 -0.2590389 0.0155830 0.9591243
459.864296 0.5429233 0.0626680 -0.5737954 0.1122049 -0.2822608 0.0159293 0.9526202
460.118985 0.5702533 0.0614728 -0.5553550 0.1119961 -0.3057958 0.0160958 0.9453501
460.260990 0.5848607 0.0609562 -0.5447873 0.1121450 -0.3217286 0.0164759 0.9400228
460.396693 0.5860883 0.0599918 -0.5291552 0.1124949 -0.3335098 0.0162656 0.9358695
460.694403 0.5612229 0.0577077 -0.5034296 0.1110903 -0.3638900 0.0177514 0.9246231
460.872462 0.5448969 0.0559639 -0.4874315 0.1106096 -0.3779370 0.0183073 0.9190179
460.966745 0.5364541 0.0552130 -0.4801325 0.1101575 -0.3781549 0.0188882 0.9189709
461.066331 0.5272406 0.0542840 -0.4708164 0.1104474 -0.3815462 0.0186002 0.9175391
461.166476 0.5180324 0.0532691 -0.4620562 0.1099877 -0.3816114 0.0193985 0.9175506
461.354511 0.5005322 0.0515527 -0.4457022 0.1100981 -0.3833840 0.0193931 0.9167982
461.445281 0.4923227 0.0503994 -0.4368209 0.1100652 -0.3838286 0.0189023 0.9166264
461.553278 0.4825071 0.0500656 -0.4285145 0.1099425 -0.3865104 0.0193673 0.9155039
461.643099 0.4741835 0.0490032 -0.4205589 0.1093102 -0.3916409 0.0190343 0.9134037
461.734638 0.4664028 0.0483272 -0.4140330 0.1089742 -0.3958604 0.0196096 0.9116110
